-1, 
255, 
216, 
255, 
224, 
0, 
16, 
74, 
70, 
73, 
70, 
0, 
1, 
1, 
2, 
0, 
123, 
0, 
123, 
0, 
0, 
255, 
219, 
0, 
67, 
0, 
16, 
11, 
12, 
14, 
12, 
10, 
16, 
14, 
13, 
14, 
18, 
17, 
16, 
19, 
24, 
40, 
26, 
24, 
22, 
22, 
24, 
49, 
35, 
37, 
29, 
40, 
58, 
51, 
61, 
60, 
57, 
51, 
56, 
55, 
64, 
72, 
92, 
78, 
64, 
68, 
87, 
69, 
55, 
56, 
80, 
109, 
81, 
87, 
95, 
98, 
103, 
104, 
103, 
62, 
77, 
113, 
121, 
112, 
100, 
120, 
92, 
101, 
103, 
99, 
255, 
219, 
0, 
67, 
1, 
17, 
18, 
18, 
24, 
21, 
24, 
47, 
26, 
26, 
47, 
99, 
66, 
56, 
66, 
99, 
99, 
99, 
99, 
99, 
99, 
99, 
99, 
99, 
99, 
99, 
99, 
99, 
99, 
99, 
99, 
99, 
99, 
99, 
99, 
99, 
99, 
99, 
99, 
99, 
99, 
99, 
99, 
99, 
99, 
99, 
99, 
99, 
99, 
99, 
99, 
99, 
99, 
99, 
99, 
99, 
99, 
99, 
99, 
99, 
99, 
99, 
99, 
99, 
99, 
255, 
192, 
0, 
17, 
8, 
0, 
144, 
0, 
176, 
3, 
1, 
17, 
0, 
2, 
17, 
1, 
3, 
17, 
1, 
255, 
196, 
0, 
31, 
0, 
0, 
1, 
5, 
1, 
1, 
1, 
1, 
1, 
1, 
0, 
0, 
0, 
0, 
0, 
0, 
0, 
0, 
1, 
2, 
3, 
4, 
5, 
6, 
7, 
8, 
9, 
10, 
11, 
255, 
196, 
0, 
181, 
16, 
0, 
2, 
1, 
3, 
3, 
2, 
4, 
3, 
5, 
5, 
4, 
4, 
0, 
0, 
1, 
125, 
1, 
2, 
3, 
0, 
4, 
17, 
5, 
18, 
33, 
49, 
65, 
6, 
19, 
81, 
97, 
7, 
34, 
113, 
20, 
50, 
129, 
145, 
161, 
8, 
35, 
66, 
177, 
193, 
21, 
82, 
209, 
240, 
36, 
51, 
98, 
114, 
130, 
9, 
10, 
22, 
23, 
24, 
25, 
26, 
37, 
38, 
39, 
40, 
41, 
42, 
52, 
53, 
54, 
55, 
56, 
57, 
58, 
67, 
68, 
69, 
70, 
71, 
72, 
73, 
74, 
83, 
84, 
85, 
86, 
87, 
88, 
89, 
90, 
99, 
100, 
101, 
102, 
103, 
104, 
105, 
106, 
115, 
116, 
117, 
118, 
119, 
120, 
121, 
122, 
131, 
132, 
133, 
134, 
135, 
136, 
137, 
138, 
146, 
147, 
148, 
149, 
150, 
151, 
152, 
153, 
154, 
162, 
163, 
164, 
165, 
166, 
167, 
168, 
169, 
170, 
178, 
179, 
180, 
181, 
182, 
183, 
184, 
185, 
186, 
194, 
195, 
196, 
197, 
198, 
199, 
200, 
201, 
202, 
210, 
211, 
212, 
213, 
214, 
215, 
216, 
217, 
218, 
225, 
226, 
227, 
228, 
229, 
230, 
231, 
232, 
233, 
234, 
241, 
242, 
243, 
244, 
245, 
246, 
247, 
248, 
249, 
250, 
255, 
196, 
0, 
31, 
1, 
0, 
3, 
1, 
1, 
1, 
1, 
1, 
1, 
1, 
1, 
1, 
0, 
0, 
0, 
0, 
0, 
0, 
1, 
2, 
3, 
4, 
5, 
6, 
7, 
8, 
9, 
10, 
11, 
255, 
196, 
0, 
181, 
17, 
0, 
2, 
1, 
2, 
4, 
4, 
3, 
4, 
7, 
5, 
4, 
4, 
0, 
1, 
2, 
119, 
0, 
1, 
2, 
3, 
17, 
4, 
5, 
33, 
49, 
6, 
18, 
65, 
81, 
7, 
97, 
113, 
19, 
34, 
50, 
129, 
8, 
20, 
66, 
145, 
161, 
177, 
193, 
9, 
35, 
51, 
82, 
240, 
21, 
98, 
114, 
209, 
10, 
22, 
36, 
52, 
225, 
37, 
241, 
23, 
24, 
25, 
26, 
38, 
39, 
40, 
41, 
42, 
53, 
54, 
55, 
56, 
57, 
58, 
67, 
68, 
69, 
70, 
71, 
72, 
73, 
74, 
83, 
84, 
85, 
86, 
87, 
88, 
89, 
90, 
99, 
100, 
101, 
102, 
103, 
104, 
105, 
106, 
115, 
116, 
117, 
118, 
119, 
120, 
121, 
122, 
130, 
131, 
132, 
133, 
134, 
135, 
136, 
137, 
138, 
146, 
147, 
148, 
149, 
150, 
151, 
152, 
153, 
154, 
162, 
163, 
164, 
165, 
166, 
167, 
168, 
169, 
170, 
178, 
179, 
180, 
181, 
182, 
183, 
184, 
185, 
186, 
194, 
195, 
196, 
197, 
198, 
199, 
200, 
201, 
202, 
210, 
211, 
212, 
213, 
214, 
215, 
216, 
217, 
218, 
226, 
227, 
228, 
229, 
230, 
231, 
232, 
233, 
234, 
242, 
243, 
244, 
245, 
246, 
247, 
248, 
249, 
250, 
255, 
218, 
0, 
12, 
3, 
1, 
0, 
2, 
17, 
3, 
17, 
0, 
63, 
0, 
230, 
43, 
184, 
243, 
133, 
197, 
0, 
46, 
41, 
138, 
226, 
98, 
129, 
139, 
138, 
4, 
24, 
160, 
46, 
73, 
28, 
47, 
34, 
179, 
34, 
146, 
23, 
169, 
197, 
75, 
146, 
78, 
197, 
40, 
182, 
174, 
51, 
24, 
56, 
53, 
68, 
177, 
64, 
160, 
67, 
212, 
26, 
9, 
98, 
243, 
76, 
64, 
40, 
1, 
216, 
160, 
65, 
138, 
98, 
12, 
80, 
49, 
41, 
0, 
135, 
165, 
3, 
27, 
64, 
196, 
197, 
3, 
19, 
20, 
128, 
76, 
80, 
48, 
197, 
0, 
37, 
3, 
23, 
20, 
0, 
98, 
129, 
11, 
138, 
0, 
49, 
64, 
6, 
15, 
97, 
146, 
120, 
3, 
214, 
147, 
118, 
67, 
138, 
187, 
177, 
166, 
190, 
101, 
158, 
158, 
124, 
166, 
218, 
219, 
134, 
78, 
58, 
215, 
61, 
238, 
206, 
182, 
172, 
137, 
180, 
251, 
72, 
175, 
45, 
93, 
167, 
27, 
155, 
121, 
27, 
186, 
99, 
129, 
84, 
157, 
136, 
178, 
150, 
229, 
137, 
124, 
50, 
198, 
17, 
37, 
180, 
192, 
146, 
51, 
181, 
199, 
245, 
170, 
85, 
53, 
212, 
153, 
80, 
210, 
232, 
199, 
150, 
9, 
32, 
109, 
178, 
161, 
83, 
239, 
222, 
181, 
77, 
51, 
154, 
81, 
113, 
220, 
97, 
20, 
201, 
12, 
80, 
2, 
142, 
41, 
136, 
90, 
4, 
38, 
40, 
24, 
98, 
128, 
184, 
134, 
129, 
161, 
184, 
164, 
49, 
49, 
64, 
196, 
197, 
0, 
38, 
41, 
12, 
41, 
128, 
152, 
164, 
59, 
139, 
138, 
5, 
112, 
197, 
1, 
113, 
113, 
76, 
66, 
226, 
144, 
22, 
44, 
98, 
243, 
39, 
222, 
71, 
202, 
157, 
62, 
181, 
141, 
73, 
116, 
58, 
168, 
199, 
75, 
154, 
43, 
106, 
183, 
22, 
199, 
204, 
25, 
85, 
112, 
113, 
235, 
88, 
179, 
115, 
46, 
40, 
22, 
214, 
193, 
100, 
146, 
127, 
33, 
132, 
204, 
9, 
137, 
119, 
49, 
224, 
96, 
19, 
145, 
211, 
7, 
243, 
160, 
102, 
234, 
234, 
114, 
217, 
92, 
37, 
178, 
204, 
93, 
118, 
174, 
4, 
171, 
158, 
163, 
215, 
57, 
162, 
204, 
57, 
150, 
195, 
53, 
50, 
185, 
137, 
37, 
24, 
206, 
238, 
79, 
79, 
188, 
123, 
213, 
198, 
86, 
51, 
156, 
110, 
98, 
168, 
36, 
102, 
186, 
150, 
199, 
159, 
45, 
24, 
17, 
76, 
144, 
197, 
3, 
20, 
80, 
33, 
113, 
64, 
132, 
34, 
129, 
141, 
197, 
33, 
137, 
138, 
6, 
52, 
138, 
6, 
24, 
160, 
4, 
197, 
3, 
19, 
20, 
0, 
184, 
160, 
46, 
46, 
40, 
21, 
195, 
20, 
5, 
195, 
20, 
0, 
184, 
61, 
0, 
201, 
60, 
1, 
74, 
78, 
200, 
168, 
174, 
103, 
99, 
90, 
222, 
1, 
20, 
72, 
189, 
72, 
235, 
238, 
107, 
149, 
187, 
234, 
122, 
9, 
91, 
66, 
220, 
9, 
186, 
202, 
65, 
156, 
114, 
63, 
173, 
75, 
25, 
135, 
112, 
176, 
139, 
6, 
142, 
105, 
118, 
230, 
238, 
70, 
5, 
6, 
238, 
195, 
142, 
190, 
244, 
1, 
122, 
229, 
18, 
93, 
70, 
25, 
22, 
64, 
185, 
88, 
200, 
86, 
83, 
147, 
192, 
244, 
205, 
82, 
216, 
134, 
149, 
201, 
117, 
210, 
235, 
168, 
217, 
40, 
251, 
143, 
184, 
48, 
198, 
65, 
249, 
169, 
36, 
54, 
236, 
103, 
164, 
65, 
23, 
96, 
201, 
219, 
199, 
61, 
107, 
178, 
59, 
35, 
205, 
169, 
172, 
152, 
165, 
106, 
140, 
198, 
149, 
160, 
46, 
38, 
49, 
64, 
92, 
92, 
80, 
2, 
17, 
64, 
92, 
97, 
20, 
138, 
16, 
138, 
6, 
38, 
40, 
0, 
197, 
3, 
16, 
138, 
64, 
37, 
3, 
28, 
57, 
160, 
66, 
226, 
129, 
92, 
49, 
64, 
92, 
49, 
64, 
92, 
181, 
99, 
14, 
249, 
12, 
132, 
112, 
188, 
15, 
173, 
99, 
82, 
93, 
14, 
204, 
60, 
58, 
179, 
68, 
14, 
159, 
231, 
214, 
176, 
103, 
81, 
98, 
221, 
73, 
178, 
151, 
158, 
227, 
250, 
210, 
3, 
159, 
135, 
77, 
184, 
188, 
176, 
219, 
10, 
128, 
86, 
226, 
66, 
119, 
28, 
112, 
66, 
227, 
249, 
83, 
68, 
179, 
102, 
77, 
34, 
243, 
207, 
183, 
153, 
99, 
221, 
26, 
162, 
2, 
84, 
250, 
0, 
13, 
82, 
122, 
18, 
226, 
219, 
184, 
221, 
110, 
66, 
53, 
27, 
45, 
141, 
149, 
98, 
217, 
29, 
65, 
249, 
169, 
33, 
201, 
216, 
206, 
114, 
90, 
71, 
97, 
198, 
78, 
113, 
93, 
145, 
217, 
30, 
101, 
71, 
239, 
177, 
72, 
227, 
39, 
154, 
162, 
70, 
98, 
130, 
67, 
20, 
10, 
226, 
226, 
128, 
184, 
152, 
160, 
6, 
17, 
65, 
66, 
98, 
129, 
220, 
76, 
82, 
11, 
137, 
138, 
6, 
52, 
138, 
10, 
19, 
20, 
128, 
118, 
41, 
136, 
112, 
160, 
67, 
182, 
208, 
43, 
128, 
70, 
102, 
1, 
70, 
73, 
56, 
20, 
155, 
178, 
42, 
43, 
153, 
216, 
214, 
134, 
33, 
20, 
74, 
131, 
183, 
127, 
90, 
228, 
147, 
61, 
72, 
171, 
43, 
18, 
133, 
233, 
248, 
127, 
90, 
146, 
200, 
174, 
101, 
150, 
45, 
49, 
146, 
28, 
239, 
150, 
69, 
65, 
142, 
189, 
233, 
9, 
153, 
176, 
207, 
61, 
189, 
128, 
49, 
202, 
84, 
180, 
238, 
164, 
14, 
156, 
5, 
255, 
0, 
26, 
171, 
25, 
183, 
101, 
161, 
179, 
246, 
251, 
184, 
36, 
134, 
52, 
157, 
182, 
50, 
33, 
33, 
190, 
110, 
72, 
231, 
173, 
28, 
163, 
231, 
179, 
176, 
205, 
101, 
214, 
25, 
237, 
149, 
212, 
49, 
59, 
138, 
156, 
103, 
156, 
208, 
135, 
35, 
41, 
72, 
145, 
183, 
14, 
134, 
187, 
35, 
170, 
60, 
170, 
154, 
77, 
146, 
144, 
51, 
131, 
76, 
24, 
194, 
57, 
226, 
153, 
18, 
19, 
20, 
18, 
56, 
33, 
52, 
15, 
149, 
136, 
227, 
28, 
80, 
15, 
66, 
50, 
40, 
11, 
137, 
138, 
2, 
226, 
17, 
64, 
238, 
52, 
138, 
10, 
27, 
138, 
145, 
137, 
138, 
99, 
31, 
138, 
9, 
184, 
224, 
40, 
21, 
199, 
47, 
189, 
49, 
22, 
45, 
19, 
253, 
38, 
63, 
173, 
68, 
254, 
19, 
90, 
31, 
26, 
52, 
38, 
116, 
130, 
23, 
150, 
67, 
181, 
80, 
100, 
154, 
228, 
103, 
170, 
134, 
88, 
74, 
110, 
108, 
227, 
153, 
151, 
105, 
98, 
120, 
244, 
27, 
155, 
31, 
165, 
72, 
247, 
70, 
141, 
128, 
81, 
105, 
54, 
125, 
71, 
245, 
160, 
12, 
25, 
163, 
72, 
180, 
210, 
233, 
30, 
224, 
183, 
44, 
49, 
33, 
57, 
229, 
65, 
207, 
4, 
118, 
20, 
239, 
114, 
26, 
93, 
75, 
210, 
20, 
55, 
54, 
193, 
162, 
0, 
249, 
113, 
156, 
169, 
60, 
112, 
61, 
115, 
77, 
108, 
75, 
106, 
228, 
154, 
236, 
65, 
245, 
11, 
31, 
153, 
65, 
220, 
126, 
83, 
198, 
126, 
106, 
17, 
82, 
35, 
26, 
27, 
164, 
42, 
96, 
96, 
203, 
183, 
59, 
79, 
81, 
91, 
70, 
175, 
46, 
140, 
229, 
169, 
134, 
231, 
119, 
69, 
118, 
180, 
150, 
60, 
137, 
16, 
130, 
61, 
107, 
85, 
56, 
189, 
140, 
29, 
41, 
45, 
208, 
223, 
47, 
142, 
148, 
238, 
69, 
137, 
45, 
109, 
76, 
242, 
109, 
44, 
177, 
168, 
229, 
153, 
187, 
82, 
148, 
185, 
80, 
233, 
210, 
231, 
118, 
39, 
212, 
52, 
247, 
176, 
43, 
150, 
87, 
87, 
251, 
172, 
41, 
66, 
124, 
229, 
213, 
166, 
233, 
153, 
164, 
115, 
205, 
106, 
114, 
234, 
52, 
138, 
4, 
38, 
40, 
24, 
132, 
82, 
29, 
198, 
145, 
64, 
198, 
17, 
72, 
160, 
197, 
0, 
73, 
138, 
100, 
92, 
92, 
80, 
43, 
139, 
138, 
2, 
230, 
158, 
153, 
100, 
204, 
190, 
123, 
28, 
47, 
59, 
71, 
175, 
191, 
243, 
174, 
122, 
179, 
232, 
142, 
252, 
53, 
47, 
180, 
203, 
23, 
214, 
113, 
92, 
193, 
36, 
82, 
130, 
87, 
25, 
198, 
123, 
138, 
193, 
110, 
118, 
189, 
17, 
14, 
155, 
131, 
99, 
22, 
57, 
27, 
143, 
243, 
52, 
229, 
185, 
52, 
254, 
19, 
79, 
78, 
194, 
219, 
206, 
79, 
170, 
255, 
0, 
90, 
146, 
206, 
126, 
123, 
139, 
121, 
45, 
29, 
124, 
167, 
145, 
36, 
187, 
115, 
203, 
109, 
193, 
10, 
61, 
51, 
198, 
13, 
82, 
70, 
109, 
154, 
146, 
249, 
102, 
120, 
9, 
70, 
4, 
198, 
152, 
195, 
116, 
224, 
123, 
83, 
232, 
39, 
107, 
143, 
214, 
33, 
15, 
127, 
100, 
251, 
128, 
42, 
199, 
0, 
241, 
159, 
152, 
84, 
167, 
161, 
83, 
90, 
143, 
184, 
189, 
184, 
181, 
153, 
99, 
75, 
113, 
44, 
65, 
7, 
71, 
195, 
80, 
185, 
94, 
227, 
151, 
55, 
66, 
202, 
222, 
219, 
181, 
180, 
114, 
207, 
251, 
149, 
144, 
224, 
44, 
163, 
28, 
255, 
0, 
145, 
78, 
221, 
133, 
117, 
212, 
83, 
99, 
109, 
114, 
55, 
70, 
64, 
7, 
163, 
33, 
200, 
167, 
205, 
40, 
146, 
233, 
194, 
102, 
83, 
217, 
178, 
76, 
184, 
98, 
64, 
97, 
79, 
159, 
155, 
113, 
70, 
154, 
134, 
198, 
204, 
208, 
164, 
171, 
182, 
68, 
12, 
61, 
233, 
38, 
214, 
197, 
74, 
41, 
171, 
51, 
58, 
227, 
72, 
141, 
185, 
133, 
138, 
31, 
67, 
200, 
173, 
99, 
85, 
245, 
57, 
167, 
134, 
79, 
99, 
50, 
123, 
25, 
225, 
201, 
100, 
36, 
122, 
175, 
53, 
178, 
169, 
22, 
114, 
78, 
132, 
226, 
85, 
197, 
89, 
142, 
168, 
66, 
41, 
0, 
132, 
80, 
59, 
141, 
197, 
5, 
92, 
76, 
80, 
23, 
37, 
11, 
65, 
2, 
237, 
160, 
9, 
173, 
173, 
218, 
121, 
150, 
49, 
220, 
242, 
125, 
5, 
76, 
229, 
202, 
141, 
105, 
83, 
115, 
149, 
139, 
214, 
23, 
166, 
235, 
81, 
184, 
138, 
1, 
254, 
139, 
2, 
4, 
76, 
116, 
102, 
239, 
92, 
114, 
61, 
104, 
233, 
100, 
90, 
117, 
51, 
91, 
187, 
16, 
209, 
150, 
136, 
146, 
51, 
200, 
239, 
138, 
72, 
169, 
108, 
65, 
100, 
133, 
45, 
227, 
93, 
184, 
231, 
32, 
125, 
73, 
162, 
79, 
81, 
65, 
89, 
26, 
54, 
37, 
34, 
183, 
184, 
105, 
24, 
42, 
130, 
50, 
79, 
227, 
72, 
166, 
100, 
105, 
250, 
82, 
93, 
218, 
56, 
19, 
96, 
9, 
221, 
129, 
11, 
158, 
161, 
127, 
194, 
169, 
179, 
62, 
91, 
155, 
109, 
163, 
180, 
130, 
39, 
73, 
71, 
200, 
170, 
48, 
71, 
92, 
82, 
230, 
232, 
62, 
77, 
110, 
84, 
213, 
99, 
121, 
110, 
173, 
89, 
84, 
224, 
57, 
36, 
127, 
192, 
133, 
9, 
232, 
19, 
90, 
163, 
15, 
196, 
105, 
34, 
95, 
66, 
209, 
73, 
34, 
98, 
21, 
25, 
83, 
215, 
235, 
77, 
36, 
208, 
167, 
38, 
153, 
171, 
19, 
9, 
52, 
75, 
38, 
184, 
96, 
197, 
134, 
9, 
108, 
115, 
83, 
45, 
11, 
143, 
188, 
174, 
205, 
13, 
34, 
222, 
40, 
82, 
67, 
18, 
5, 
220, 
121, 
199, 
74, 
87, 
108, 
118, 
75, 
98, 
188, 
203, 
243, 
243, 
207, 
52, 
208, 
9, 
41, 
120, 
231, 
147, 
203, 
145, 
151, 
230, 
60, 
103, 
35, 
242, 
52, 
174, 
59, 
2, 
222, 
200, 
14, 
36, 
140, 
54, 
59, 
175, 
31, 
161, 
255, 
0, 
26, 
119, 
37, 
196, 
149, 
46, 
34, 
148, 
224, 
54, 
15, 
163, 
12, 
26, 
164, 
196, 
209, 
21, 
197, 
156, 
19, 
100, 
178, 
12, 
250, 
142, 
13, 
104, 
166, 
214, 
198, 
50, 
165, 
25, 
110, 
140, 
233, 
180, 
182, 
94, 
98, 
125, 
195, 
208, 
245, 
173, 
85, 
94, 
231, 
44, 
240, 
189, 
153, 
74, 
72, 
30, 
51, 
135, 
82, 
43, 
68, 
211, 
57, 
221, 
57, 
71, 
116, 
71, 
176, 
211, 
21, 
131, 
97, 
3, 
52, 
14, 
197, 
128, 
130, 
149, 
194, 
195, 
132, 
116, 
174, 
85, 
137, 
46, 
55, 
219, 
216, 
52, 
112, 
12, 
221, 
92, 
47, 
24, 
234, 
137, 
221, 
171, 
158, 
110, 
236, 
238, 
163, 
14, 
72, 
234, 
88, 
209, 
108, 
254, 
205, 
30, 
16, 
97, 
64, 
198, 
239, 
239, 
30, 
50, 
127, 
74, 
153, 
237, 
99, 
72, 
106, 
238, 
91, 
187, 
146, 
43, 
91, 
115, 
36, 
207, 
182, 
52, 
28, 
146, 
122, 
214, 
102, 
228, 
86, 
82, 
181, 
204, 
41, 
51, 
70, 
99, 
44, 
79, 
202, 
122, 
128, 
14, 
5, 
13, 
88, 
73, 
220, 
176, 
108, 
164, 
189, 
181, 
146, 
36, 
112, 
131, 
122, 
150, 
39, 
211, 
158, 
158, 
244, 
5, 
140, 
60, 
121, 
118, 
88, 
82, 
115, 
246, 
135, 
92, 
250, 
128, 
22, 
174, 
198, 
45, 
187, 
27, 
92, 
161, 
131, 
97, 
42, 
12, 
105, 
157, 
188, 
103, 
138, 
86, 
86, 
43, 
153, 
221, 
13, 
214, 
153, 
227, 
186, 
180, 
142, 
51, 
196, 
140, 
87, 
158, 
123, 
143, 
241, 
164, 
182, 
42, 
76, 
189, 
97, 
27, 
203, 
167, 
197, 
246, 
168, 
198, 
242, 
57, 
86, 
25, 
250, 
84, 
149, 
97, 
47, 
52, 
203, 
91, 
187, 
85, 
182, 
150, 
60, 
68, 
167, 
33, 
87, 
140, 
26, 
98, 
104, 
93, 
39, 
77, 
77, 
50, 
39, 
138, 
41, 
29, 
209, 
155, 
112, 
220, 
115, 
138, 
24, 
36, 
87, 
153, 
78, 
255, 
0, 
199, 
181, 
36, 
54, 
37, 
198, 
149, 
186, 
71, 
150, 
27, 
169, 
99, 
102, 
57, 
33, 
176, 
235, 
159, 
161, 
255, 
0, 
26, 
118, 
21, 
202, 
143, 
111, 
127, 
1, 
230, 
36, 
184, 
30, 
177, 
182, 
211, 
143, 
161, 
255, 
0, 
26, 
44, 
59, 
145, 
139, 
152, 
192, 
148, 
72, 
146, 
198, 
86, 
54, 
37, 
94, 
50, 
14, 
49, 
219, 
215, 
240, 
162, 
193, 
116, 
67, 
5, 
244, 
79, 
197, 
189, 
198, 
15, 
247, 
115, 
253, 
13, 
61, 
81, 
55, 
76, 
183, 
29, 
211, 
150, 
85, 
116, 
13, 
147, 
140, 
175, 
31, 
165, 
52, 
193, 
161, 
145, 
95, 
217, 
221, 
124, 
169, 
42, 
238, 
63, 
192, 
252, 
31, 
200, 
213, 
221, 
163, 
54, 
174, 
50, 
230, 
218, 
48, 
140, 
202, 
48, 
71, 
165, 
105, 
25, 
51, 
10, 
148, 
213, 
174, 
103, 
50, 
214, 
199, 
27, 
69, 
227, 
24, 
31, 
195, 
81, 
115, 
86, 
135, 
196, 
137, 
150, 
121, 
142, 
216, 
163, 
27, 
157, 
189, 
0, 
169, 
156, 
172, 
139, 
165, 
14, 
105, 
5, 
141, 
164, 
247, 
23, 
114, 
221, 
220, 
13, 
178, 
75, 
148, 
68, 
255, 
0, 
158, 
105, 
210, 
185, 
206, 
228, 
105, 
172, 
240, 
11, 
143, 
178, 
70, 
127, 
120, 
139, 
184, 
129, 
216, 
127, 
141, 
38, 
52, 
44, 
240, 
71, 
50, 
186, 
200, 
138, 
227, 
4, 
225, 
134, 
113, 
73, 
14, 
91, 
21, 
108, 
176, 
109, 
144, 
169, 
200, 
201, 
228, 
125, 
106, 
167, 
184, 
161, 
177, 
169, 
167, 
131, 
229, 
204, 
6, 
51, 
145, 
215, 
241, 
168, 
44, 
231, 
38, 
221, 
21, 
132, 
156, 
71, 
184, 
93, 
16, 
6, 
192, 
64, 
202, 
3, 
223, 
61, 
234, 
149, 
217, 
155, 
178, 
70, 
195, 
22, 
95, 
179, 
131, 
180, 
159, 
45, 
50, 
118, 
143, 
74, 
18, 
208, 
27, 
212, 
53, 
88, 
150, 
75, 
251, 
60, 
174, 
118, 
177, 
96, 
115, 
140, 
114, 
180, 
45, 
135, 
45, 
89, 
21, 
224, 
45, 
114, 
165, 
111, 
38, 
183, 
111, 
45, 
72, 
64, 
216, 
31, 
136, 
52, 
70, 
86, 
9, 
66, 
226, 
106, 
26, 
141, 
206, 
153, 
164, 
197, 
113, 
197, 
203, 
151, 
195, 
18, 
184, 
200, 
231, 
210, 
133, 
102, 
196, 
238, 
145, 
99, 
65, 
213, 
78, 
173, 
12, 
146, 
24, 
12, 
59, 
14, 
222, 
79, 
83, 
68, 
146, 
232, 
56, 
182, 
247, 
18, 
102, 
10, 
231, 
140, 
243, 
82, 
88, 
227, 
169, 
219, 
121, 
207, 
19, 
54, 
29, 
27, 
4, 
117, 
166, 
73, 
42, 
205, 
20, 
159, 
114, 
69, 
39, 
211, 
60, 
211, 
16, 
142, 
161, 
151, 
4, 
2, 
61, 
13, 
48, 
51, 
110, 
116, 
123, 
25, 
155, 
121, 
129, 
85, 
187, 
21, 
226, 
153, 
54, 
42, 
71, 
164, 
73, 
109, 
50, 
60, 
55, 
78, 
81, 
72, 
37, 
31, 
156, 
143, 
74, 
52, 
18, 
76, 
203, 
155, 
77, 
185, 
71, 
249, 
226, 
220, 
185, 
234, 
57, 
21, 
165, 
213, 
140, 
121, 
100, 
153, 
99, 
73, 
87, 
91, 
245, 
129, 
165, 
103, 
136, 
169, 
202, 
18, 
74, 
140, 
30, 
213, 
47, 
77, 
139, 
141, 
222, 
229, 
221, 
66, 
217, 
33, 
101, 
242, 
242, 
3, 
103, 
138, 
214, 
156, 
155, 
220, 
231, 
175, 
5, 
23, 
161, 
107, 
203, 
207, 
6, 
166, 
232, 
190, 
70, 
69, 
36, 
75, 
117, 
47, 
216, 
215, 
38, 
56, 
202, 
188, 
255, 
0, 
237, 
31, 
225, 
79, 
234, 
107, 
57, 
59, 
179, 
120, 
71, 
149, 
22, 
245, 
43, 
207, 
176, 
192, 
86, 
21, 
15, 
121, 
32, 
249, 
80, 
115, 
129, 
235, 
244, 
21, 
54, 
45, 
178, 
190, 
141, 
100, 
45, 
89, 
164, 
149, 
252, 
203, 
153, 
114, 
101, 
115, 
248, 
28, 
126, 
166, 
156, 
182, 
20, 
29, 
217, 
160, 
99, 
143, 
236, 
238, 
142, 
204, 
80, 
70, 
121, 
115, 
207, 
3, 
189, 
66, 
52, 
123, 
17, 
67, 
180, 
198, 
10, 
140, 
41, 
36, 
142, 
49, 
198, 
105, 
183, 
113, 
69, 
89, 
23, 
244, 
252, 
237, 
159, 
24, 
207, 
29, 
127, 
26, 
146, 
140, 
156, 
59, 
69, 
62, 
82, 
21, 
63, 
106, 
111, 
188, 
185, 
220, 
112, 
6, 
121, 
239, 
205, 
93, 
140, 
174, 
245, 
47, 
75, 
157, 
241, 
7, 
85, 
39, 
106, 
231, 
138, 
86, 
208, 
111, 
113, 
117, 
0, 
13, 
221, 
174, 
84, 
146, 
24, 
144, 
65, 
233, 
202, 
210, 
91, 
14, 
91, 
148, 
181, 
125, 
46, 
91, 
251, 
148, 
156, 
66, 
140, 
54, 
0, 
67, 
17, 
184, 
83, 
139, 
65, 
36, 
222, 
196, 
119, 
182, 
115, 
175, 
135, 
160, 
129, 
97, 
98, 
232, 
252, 
168, 
25, 
32, 
100, 
211, 
77, 
92, 
82, 
191, 
41, 
55, 
133, 
98, 
120, 
224, 
184, 
18, 
35, 
33, 
243, 
51, 
134, 
24, 
237, 
74, 
65, 
11, 
146, 
221, 
144, 
24, 
243, 
206, 
106, 
77, 
12, 
45, 
82, 
217, 
254, 
217, 
60, 
141, 
110, 
219, 
11, 
146, 
24, 
175, 
6, 
183, 
141, 
142, 
73, 
243, 
95, 
66, 
129, 
91, 
134, 
92, 
219, 
188, 
128, 
140, 
147, 
142, 
120, 
252, 
105, 
56, 
162, 
148, 
221, 
141, 
104, 
205, 
229, 
172, 
106, 
207, 
56, 
101, 
120, 
26, 
69, 
199, 
108, 
3, 
143, 
106, 
134, 
172, 
105, 
23, 
125, 
200, 
35, 
215, 
174, 
7, 
18, 
34, 
73, 
248, 
96, 
212, 
220, 
187, 
34, 
220, 
26, 
220, 
19, 
200, 
177, 
152, 
221, 
29, 
142, 
7, 
25, 
25, 
166, 
152, 
172, 
91, 
51, 
70, 
127, 
140, 
15, 
175, 
31, 
206, 
170, 
226, 
176, 
42, 
47, 
156, 
143, 
180, 
110, 
207, 
92, 
115, 
67, 
37, 
45, 
72, 
245, 
36, 
221, 
179, 
241, 
254, 
149, 
165, 
54, 
99, 
93, 
94, 
197, 
99, 
14, 
165, 
9, 
3, 
237, 
91, 
242, 
64, 
0, 
243, 
159, 
204, 
86, 
118, 
52, 
230, 
99, 
154, 
109, 
66, 
5, 
221, 
34, 
70, 
217, 
32, 
40, 
0, 
114, 
127, 
10, 
86, 
42, 
237, 
110, 
55, 
237, 
19, 
44, 
198, 
89, 
52, 
224, 
100, 
219, 
130, 
234, 
14, 
236, 
122, 
103, 
154, 
123, 
11, 
152, 
178, 
151, 
171, 
12, 
126, 
113, 
133, 
213, 
155, 
146, 
51, 
146, 
7, 
249, 
197, 
38, 
238, 
82, 
178, 
212, 
122, 
234, 
54, 
215, 
10, 
11, 
18, 
57, 
206, 
25, 
106, 
25, 
162, 
119, 
47, 
164, 
46, 
241, 
171, 
18, 
163, 
60, 
142, 
122, 
140, 
241, 
74, 
229, 
18, 
44, 
191, 
97, 
130, 
121, 
29, 
75, 
14, 
56, 
95, 
198, 
158, 
226, 
42, 
88, 
92, 
91, 
220, 
69, 
35, 
59, 
44, 
99, 
205, 
45, 
134, 
113, 
215, 
2, 
155, 
100, 
216, 
211, 
48, 
91, 
74, 
168, 
254, 
106, 
131, 
129, 
140, 
48, 
165, 
113, 
216, 
169, 
122, 
20, 
205, 
12, 
140, 
223, 
112, 
147, 
242, 
140, 
231, 
145, 
254, 
20, 
211, 
208, 
82, 
87, 
31, 
253, 
163, 
102, 
54, 
134, 
184, 
141, 
75, 
12, 
128, 
199, 
30, 
212, 
40, 
183, 
178, 
19, 
156, 
86, 
236, 
176, 
146, 
71, 
34, 
135, 
71, 
86, 
83, 
208, 
131, 
145, 
74, 
206, 
229, 
38, 
158, 
183, 
36, 
78, 
180, 
13, 
25, 
179, 
168, 
46, 
220, 
119, 
63, 
206, 
144, 
22, 
200, 
249, 
69, 
81, 
36, 
50, 
193, 
20, 
153, 
223, 
26, 
182, 
122, 
228, 
85, 
92, 
155, 
34, 
172, 
214, 
48, 
186, 
0, 
67, 
12, 
41, 
65, 
134, 
60, 
3, 
193, 
254, 
116, 
2, 
86, 
50, 
164, 
240, 
244, 
123, 
143, 
151, 
59, 
129, 
215, 
12, 
51, 
254, 
20, 
172, 
59, 
149, 
19, 
67, 
185, 
134, 
238, 
41, 
22, 
68, 
100, 
71, 
12, 
70, 
72, 
56, 
205, 
22, 
11, 
146, 
200, 
247, 
168, 
199, 
125, 
174, 
225, 
234, 
166, 
171, 
148, 
142, 
98, 
77, 
62, 
228, 
61, 
226, 
70, 
99, 
120, 
216, 
231, 
130, 
49, 
73, 
171, 
20, 
154, 
102, 
141, 
232, 
251, 
191, 
141, 
105, 
3, 
42, 
221, 
11, 
145, 
237, 
11, 
243, 
158, 
5, 
75, 
41, 
8, 
177, 
25, 
95, 
123, 
174, 
24, 
142, 
159, 
221, 
164, 
59, 
92, 
89, 
218, 
8, 
19, 
13, 
243, 
49, 
231, 
104, 
234, 
126, 
190, 
212, 
181, 
99, 
109, 
34, 
27, 
112, 
198, 
86, 
220, 
48, 
1, 
56, 
92, 
208, 
208, 
162, 
238, 
64, 
246, 
131, 
81, 
184, 
111, 
45, 
130, 
70, 
170, 
72, 
96, 
189, 
234, 
94, 
197, 
45, 
94, 
134, 
184, 
95, 
46, 
40, 
208, 
156, 
237, 
80, 
63, 
149, 
73, 
160, 
191, 
103, 
138, 
104, 
221, 
101, 
64, 
203, 
144, 
112, 
122, 
80, 
7, 
27, 
120, 
204, 
182, 
42, 
103, 
198, 
195, 
117, 
32, 
11, 
31, 
28, 
1, 
199, 
242, 
160, 
150, 
116, 
182, 
202, 
77, 
157, 
161, 
255, 
0, 
166, 
41, 
252, 
170, 
149, 
172, 
45, 
110, 
51, 
88, 
66, 
215, 
54, 
96, 
116, 
222, 
115, 
249, 
173, 
11, 
97, 
77, 
187, 
163, 
43, 
91, 
178, 
133, 
101, 
132, 
121, 
91, 
148, 
70, 
6, 
79, 
62, 
253, 
106, 
160, 
200, 
170, 
75, 
45, 
186, 
201, 
225, 
107, 
84, 
69, 
97, 
243, 
231, 
229, 
235, 
212, 
211, 
191, 
188, 
54, 
175, 
2, 
223, 
133, 
163, 
242, 
226, 
184, 
249, 
221, 
142, 
224, 
62, 
99, 
156, 
113, 
74, 
99, 
164, 
146, 
44, 
92, 
228, 
51, 
114, 
122, 
214, 
102, 
166, 
85, 
237, 
221, 
220, 
55, 
178, 
172, 
119, 
78, 
170, 
27, 
133, 
32, 
16, 
63, 
49, 
91, 
70, 
41, 
156, 
242, 
147, 
79, 
65, 
139, 
171, 
223, 
40, 
57, 
104, 
159, 
7, 
248, 
147, 
159, 
208, 
209, 
202, 
28, 
236, 
150, 
223, 
89, 
154, 
73, 
60, 
185, 
45, 
211, 
59, 
25, 
193, 
87, 
61, 
134, 
113, 
140, 
82, 
106, 
197, 
70, 
119, 
1, 
174, 
68, 
79, 
207, 
4, 
171, 
158, 
56, 
193, 
31, 
206, 
142, 
86, 
28, 
232, 
145, 
53, 
91, 
73, 
24, 
46, 
231, 
86, 
36, 
40, 
12, 
135, 
169, 
247, 
233, 
69, 
152, 
249, 
147, 
29, 
246, 
203, 
86, 
98, 
191, 
104, 
139, 
119, 
76, 
22, 
0, 
211, 
179, 
11, 
143, 
143, 
107, 
200, 
172, 
164, 
48, 
200, 
228, 
115, 
72, 
22, 
229, 
47, 
16, 
93, 
181, 
160, 
135, 
107, 
170, 
110, 
207, 
39, 
240, 
172, 
220, 
156, 
118, 
54, 
140, 
33, 
47, 
136, 
183, 
253, 
171, 
106, 
163, 
123, 
25, 
144, 
14, 
165, 
160, 
127, 
240, 
171, 
108, 
197, 
69, 
18, 
13, 
110, 
193, 
163, 
30, 
93, 
210, 
14, 
62, 
82, 
193, 
135, 
243, 
21, 
55, 
42, 
196, 
73, 
121, 
167, 
238, 
102, 
91, 
200, 
11, 
54, 
114, 
76, 
131, 
53, 
92, 
200, 
142, 
71, 
113, 
183, 
18, 
195, 
62, 
60, 
139, 
171, 
126, 
14, 
127, 
215, 
46, 
127, 
157, 
28, 
200, 
57, 
25, 
161, 
98, 
82, 
51, 
195, 
71, 
134, 
83, 
146, 
172, 
15, 
53, 
45, 
151, 
20, 
209, 
117, 
190, 
96, 
8, 
231, 
129, 
253, 
42, 
75, 
31, 
16, 
56, 
147, 
183, 
74, 
0, 
194, 
49, 
72, 
214, 
243, 
170, 
22, 
95, 
46, 
224, 
47, 
13, 
142, 
118, 
140, 
254, 
180, 
226, 
76, 
155, 
177, 
172, 
55, 
164, 
112, 
161, 
102, 
200, 
69, 
206, 
77, 
48, 
35, 
189, 
56, 
154, 
14, 
156, 
177, 
234, 
51, 
253, 
218, 
16, 
165, 
186, 
39, 
151, 
79, 
89, 
84, 
22, 
145, 
134, 
6, 
222, 
160, 
102, 
146, 
118, 
42, 
73, 
49, 
18, 
192, 
219, 
218, 
71, 
4, 
114, 
50, 
170, 
19, 
131, 
193, 
61, 
255, 
0, 
198, 
139, 
220, 
18, 
178, 
177, 
6, 
159, 
104, 
109, 
175, 
38, 
253, 
227, 
54, 
126, 
98, 
115, 
247, 
179, 
237, 
237, 
72, 
100, 
119, 
32, 
151, 
126, 
157, 
127, 
173, 
0, 
69, 
46, 
152, 
175, 
49, 
159, 
204, 
4, 
150, 
12, 
85, 
144, 
17, 
90, 
169, 
89, 
25, 
56, 
93, 
220, 
137, 
244, 
174, 
100, 
255, 
0, 
84, 
119, 
116, 
249, 
49, 
142, 
190, 
254, 
255, 
0, 
165, 
28, 
200, 
92, 
133, 
56, 
180, 
139, 
136, 
166, 
243, 
11, 
163, 
0, 
142, 
152, 
25, 
238, 
49, 
77, 
202, 
226, 
140, 
26, 
43, 
13, 
38, 
233, 
101, 
82, 
202, 
172, 
161, 
129, 
56, 
110, 
217, 
170, 
108, 
133, 
6, 
153, 
53, 
197, 
172, 
133, 
128, 
138, 
2, 
170, 
37, 
71, 
237, 
208, 
99, 
61, 
234, 
91, 
46, 
218, 
148, 
158, 
210, 
99, 
112, 
197, 
226, 
112, 
165, 
193, 
206, 
59, 
102, 
170, 
250, 
25, 
242, 
187, 
147, 
90, 
64, 
145, 
107, 
22, 
230, 
56, 
200, 
25, 
112, 
91, 
31, 
149, 
39, 
177, 
113, 
220, 
181, 
226, 
59, 
39, 
188, 
180, 
95, 
36, 
170, 
202, 
135, 
33, 
143, 
97, 
223, 
250, 
86, 
18, 
58, 
18, 
44, 
73, 
16, 
187, 
85, 
136, 
109, 
98, 
72, 
96, 
9, 
244, 
173, 
155, 
71, 
60, 
81, 
60, 
122, 
106, 
4, 
196, 
206, 
72, 
24, 
225, 
120, 
29, 
61, 
106, 
92, 
141, 
20, 
74, 
218, 
197, 
245, 
173, 
149, 
183, 
147, 
19, 
68, 
178, 
204, 
118, 
140, 
118, 
245, 
52, 
149, 
129, 
153, 
201, 
113, 
167, 
70, 
34, 
135, 
229, 
33, 
119, 
101, 
153, 
113, 
207, 
175, 
52, 
155, 
184, 
145, 
158, 
150, 
139, 
171, 
222, 
6, 
88, 
150, 
43, 
88, 
184, 
37, 
84, 
2, 
213, 
47, 
67, 
69, 
118, 
116, 
150, 
242, 
27, 
116, 
84, 
140, 
40, 
69, 
4, 
0, 
71, 
65, 
199, 
74, 
147, 
70, 
141, 
61, 
62, 
67, 
34, 
204, 
51, 
211, 
31, 
214, 
153, 
44, 
166, 
215, 
240, 
195, 
19, 
25, 
37, 
141, 
10, 
206, 
67, 
238, 
31, 
123, 
161, 
252, 
240, 
69, 
2, 
35, 
212, 
117, 
86, 
143, 
80, 
182, 
138, 
38, 
82, 
146, 
4, 
61, 
58, 
131, 
79, 
81, 
61, 
203, 
58, 
164, 
222, 
85, 
197, 
167, 
202, 
8, 
103, 
35, 
156, 
241, 
247, 
125, 
41, 
147, 
38, 
89, 
135, 
82, 
180, 
49, 
148, 
158, 
117, 
44, 
9, 
98, 
8, 
237, 
156, 
138, 
150, 
203, 
208, 
177, 
246, 
235, 
105, 
130, 
136, 
230, 
66, 
73, 
227, 
156, 
26, 
19, 
184, 
12, 
136, 
255, 
0, 
165, 
203, 
254, 
234, 
255, 
0, 
90, 
96, 
98, 
106, 
58, 
180, 
86, 
215, 
143, 
11, 
164, 
161, 
135, 
63, 
119, 
130, 
59, 
28, 
250, 
84, 
182, 
199, 
116, 
41, 
241, 
29, 
146, 
32, 
243, 
124, 
192, 
79, 
35, 
9, 
218, 
170, 
44, 
150, 
52, 
248, 
155, 
76, 
239, 
36, 
131, 
235, 
25, 
170, 
185, 
34, 
127, 
194, 
71, 
165, 
145, 
255, 
0, 
31, 
12, 
62, 
177, 
183, 
248, 
81, 
112, 
26, 
124, 
67, 
165, 
100, 
159, 
181, 
143, 
251, 
225, 
191, 
194, 
139, 
128, 
223, 
237, 
221, 
48, 
242, 
46, 
211, 
167, 
161, 
255, 
0, 
10, 
119, 
1, 
63, 
182, 
52, 
231, 
60, 
93, 
197, 
156, 
122, 
209, 
113, 
23, 
34, 
5, 
217, 
29, 
65, 
42, 
112, 
65, 
3, 
131, 
76, 
10, 
218, 
245, 
180, 
215, 
54, 
97, 
45, 
228, 
49, 
200, 
14, 
119, 
6, 
199, 
29, 
197, 
101, 
54, 
141, 
99, 
113, 
94, 
195, 
251, 
42, 
192, 
220, 
11, 
198, 
221, 
2, 
177, 
220, 
99, 
251, 
217, 
199, 
31, 
152, 
20, 
209, 
54, 
178, 
42, 
70, 
77, 
224, 
99, 
36, 
206, 
217, 
14, 
65, 
207, 
160, 
226, 
173, 
146, 
181, 
51, 
110, 
45, 
227, 
150, 
238, 
220, 
25, 
11, 
172, 
76, 
55, 
229, 
70, 
91, 
190, 
127, 
144, 
164, 
15, 
66, 
140, 
169, 
231, 
94, 
249, 
48, 
200, 
193, 
90, 
92, 
48, 
94, 
129, 
115, 
140, 
127, 
159, 
90, 
111, 
97, 
71, 
115, 
171, 
142, 
20, 
183, 
141, 
98, 
137, 
66, 
162, 
240, 
5, 
99, 
123, 
157, 
9, 
88, 
102, 
79, 
232, 
127, 
152, 
161, 
1, 
114, 
43, 
179, 
103, 
109, 
112, 
225, 
55, 
49, 
43, 
133, 
206, 
51, 
214, 
168, 
134, 
67, 
105, 
107, 
105, 
169, 
219, 
204, 
110, 
33, 
49, 
131, 
38, 
236, 
110, 
238, 
64, 
30, 
148, 
201, 
38, 
154, 
215, 
77, 
123, 
155, 
118, 
6, 
70, 
104, 
192, 
67, 
180, 
240, 
161, 
122, 
84, 
57, 
143, 
149, 
50, 
198, 
165, 
229, 
50, 
172, 
142, 
75, 
8, 
206, 
65, 
83, 
211, 
165, 
85, 
244, 
19, 
71, 
56, 
200, 
173, 
43, 
200, 
2, 
145, 
211, 
240, 
174, 
105, 
54, 
75, 
45, 
219, 
92, 
5, 
10, 
21, 
73, 
112, 
115, 
250, 
127, 
159, 
206, 
146, 
186, 
69, 
35, 
87, 
75, 
185, 
146, 
224, 
220, 
60, 
138, 
3, 
0, 
160, 
5, 
244, 
193, 
174, 
136, 
189, 
1, 
18, 
92, 
178, 
48, 
79, 
58, 
52, 
39, 
144, 
51, 
130, 
104, 
185, 
86, 
43, 
44, 
86, 
193, 
246, 
178, 
198, 
29, 
187, 
109, 
28, 
83, 
86, 
184, 
154, 
36, 
107, 
75, 
115, 
214, 
8, 
255, 
0, 
239, 
129, 
90, 
88, 
68, 
77, 
99, 
106, 
122, 
219, 
197, 
255, 
0, 
124, 
10, 
64, 
53, 
52, 
235, 
34, 
227, 
54, 
176, 
159, 
248, 
0, 
160, 
8, 
39, 
211, 
172, 
252, 
211, 
254, 
141, 
14, 
51, 
253, 
193, 
69, 
128, 
183, 
22, 
145, 
96, 
192, 
255, 
0, 
162, 
91, 
141, 
163, 
63, 
234, 
133, 
0, 
79, 
242, 
198, 
161, 
64, 
10, 
0, 
192, 
2, 
152, 
140, 
15, 
19, 
106, 
9, 
2, 
44, 
2, 
71, 
141, 
220, 
6, 
14, 
191, 
90, 
135, 
185, 
87, 
208, 
193, 
185, 
241, 
38, 
161, 
119, 
100, 
109, 
37, 
242, 
252, 
178, 
48, 
126, 
94, 
127, 
60, 
211, 
176, 
92, 
211, 
26, 
164, 
102, 
8, 
163, 
177, 
149, 
25, 
202, 
145, 
32, 
35, 
105, 
92, 
241, 
198, 
122, 
209, 
118, 
75, 
33, 
1, 
239, 
46, 
86, 
214, 
29, 
187, 
213, 
55, 
52, 
156, 
55, 
25, 
231, 
167, 
122, 
171, 
216, 
158, 
91, 
150, 
161, 
177, 
138, 
16, 
155, 
48, 
248, 
57, 
221, 
158, 
188, 
243, 
67, 
122, 
13, 
45, 
77, 
98, 
225, 
152, 
237, 
32, 
253, 
43, 
19, 
114, 
29, 
216, 
43, 
206, 
48, 
15, 
243, 
20, 
196, 
200, 
102, 
212, 
17, 
129, 
84, 
112, 
217, 
197, 
28, 
196, 
93, 
49, 
209, 
234, 
5, 
32, 
146, 
34, 
184, 
207, 
34, 
142, 
107, 
141, 
149, 
99, 
185, 
206, 
127, 
133, 
191, 
44, 
214, 
77, 
0, 
249, 
239, 
25, 
225, 
85, 
25, 
0, 
18, 
72, 
253, 
42, 
149, 
236, 
54, 
70, 
179, 
128, 
202, 
27, 
142, 
42, 
92, 
73, 
44, 
68, 
234, 
170, 
223, 
46, 
57, 
3, 
56, 
165, 
109, 
6, 
180, 
1, 
51, 
43, 
182, 
204, 
169, 
246, 
161, 
2, 
29, 
246, 
201, 
71, 
5, 
243, 
142, 
153, 
245, 
170, 
212, 
24, 
216, 
137, 
87, 
105, 
24, 
177, 
147, 
0, 
175, 
183, 
90, 
107, 
86, 
38, 
91, 
182, 
212, 
30, 
70, 
84, 
101, 
201, 
61, 
243, 
138, 
168, 
205, 
147, 
114, 
235, 
100, 
242, 
1, 
63, 
70, 
255, 
0, 
235, 
214, 
183, 
69, 
88, 
133, 
102, 
17, 
184, 
46, 
89, 
125, 
120, 
52, 
174, 
130, 
197, 
121, 
238, 
162, 
243, 
24, 
249, 
189, 
253, 
15, 
248, 
83, 
76, 
67, 
215, 
88, 
182, 
137, 
88, 
121, 
142, 
73, 
82, 
56, 
3, 
250, 
210, 
25, 
143, 
123, 
169, 
76, 
225, 
0, 
149, 
190, 
85, 
201, 
32, 
224, 
147, 
143, 
97, 
79, 
161, 
12, 
138, 
91, 
233, 
3, 
169, 
18, 
137, 
8, 
3, 
39, 
0, 
227, 
218, 
185, 
156, 
46, 
205, 
149, 
85, 
109, 
79, 
255, 
217
