1016, 0, 63, 
1016, 0, 63, 
1016, 0, 63, 
1016, 0, 63, 
1016, 0, 63, 
1016, 0, 63, 
1016, 0, 63, 
1016, 0, 63, 
1016, 0, 63, 
1016, 0, 63, 
1016, 0, 63, 
1016, 0, 63, 
1016, 0, 63, 
1016, 0, 63, 
1016, 0, 63, 
1016, 0, 63, 
1016, 0, 63, 
1016, 0, 63, 
1016, 0, 63, 
1016, 0, 63, 
1016, 0, 63, 
1016, 0, 63, 
1016, 0, 63, 
1016, 0, 63, 
1016, 0, 63, 
1016, 0, 63, 
1016, 0, 63, 
1016, 0, 63, 
1016, 0, 63, 
1016, 0, 63, 
1016, 0, 63, 
1016, 0, 63, 
1016, 0, 63, 
1016, 0, 63, 
1016, 0, 63, 
1016, 0, 63, 
1016, 0, 63, 
1016, 0, 63, 
1016, 0, 63, 
1016, 0, 63, 
1016, 0, 63, 
1016, 0, 63, 
1016, 0, 63, 
1016, 0, 63, 
1016, 0, 63, 
1016, 0, 63, 
1016, 0, 63, 
1016, 0, 63, 
1016, 0, 63, 
1016, 0, 63, 
1016, 0, 63, 
528, -284, 271, 253, 44, 82, 112, 17, 372, 217, -207, -193, -33, -62, -86, -13, 75, 44, -42, -39, -7, -12, -17, -2, -90, -53, 50, 47, 8, 15, 20, 3, -58, -33, 32, 30, 5, 9, 13, 2, 22, 13, -12, -11, -1, -3, -5, 0, 1, 31, 18, -17, -16, -2, -5, -7, -1, 3, 1, -1, -1, 0, 4, 
1016, 0, 63, 
1016, 0, 63, 
1016, 0, 63, 
1016, 0, 63, 
1016, 0, 63, 
1016, 0, 63, 
1016, 0, 63, 
1016, 0, 63, 
1016, 0, 63, 
1016, 0, 63, 
1016, 0, 63, 
1016, 0, 63, 
1016, 0, 63, 
1016, 0, 63, 
1016, 0, 63, 
1016, 0, 63, 
1016, 0, 63, 
984, 36, -20, 8, -3, 2, 0, 2, 43, -50, 28, -11, 4, -2, 0, 2, -40, 47, -26, 10, -3, 2, 0, 2, 35, -41, 23, -8, 2, -1, 0, 2, -29, 35, -19, 6, -1, 1, 0, 2, 23, -26, 14, -4, 1, 0, 3, -15, 18, -9, 3, 0, 4, 7, -9, 4, -1, 0, 4, 
773, 39, 5, 2, 0, 1, -2, -2, -1, 317, -46, -6, -2, -1, 2, 2, 1, -247, 21, 3, 1, 0, 1, -1, -1, 0, 1, 153, 10, 0, 6, -60, -39, -4, -1, 0, 1, 2, 2, 1, -7, 54, 6, 2, 0, 1, -3, -3, -2, 36, -51, -6, -2, 0, 1, 3, 3, 2, -29, 30, 3, 1, 0, 1, -2, -1, -1, 
745, -23, 9, 0, 1, -2, 0, 1, 2, -1, 350, 27, -11, 0, 1, 3, 0, 1, -2, 2, -262, -12, 5, 0, 1, -1, 0, 1, 1, -1, 145, -6, 2, 0, 5, -32, 23, -9, 0, 1, 3, 0, 1, -2, 1, -45, -32, 13, 0, 1, -4, 0, 1, 2, -2, 73, 30, -12, 0, 1, 3, 0, 1, -2, 2, -51, -18, 7, 0, 1, -2, 0, 1, 1, -1, 
940, -71, -16, 1, 0, 2, 1, 1, 103, 96, 20, -2, 0, 2, -1, -2, -92, -84, -14, 5, 1, 0, 2, 1, 76, 67, 7, -8, -2, 0, 3, -58, -49, 0, 1, 10, 3, 0, 1, -1, 0, 1, 41, 32, -5, -11, -3, 0, 1, 1, 0, 1, -25, -18, 6, 9, 2, 0, 1, -1, 0, 1, 11, 8, -4, -5, -1, 0, 3, 
158, -500, 478, 445, 78, 144, 198, 30, 0, 56, 
1016, 0, 63, 
1016, 0, 63, 
1016, 0, 63, 
1016, 0, 63, 
1016, 0, 63, 
1016, 0, 63, 
1016, 0, 63, 
1016, 0, 63, 
1016, 0, 63, 
1016, 0, 63, 
1016, 0, 63, 
1016, 0, 63, 
1016, 0, 63, 
1016, 0, 63, 
1016, 0, 63, 
1004, 15, -14, 13, -10, 8, -5, 2, 15, -21, 20, -17, 15, -11, 7, -3, -14, 20, -18, 16, -14, 10, -7, 3, 13, -17, 16, -14, 12, -9, 6, -3, -10, 15, -14, 12, -10, 8, -5, 2, 8, -11, 10, -9, 8, -6, 4, -2, -5, 7, -7, 6, -5, 4, -2, 1, 2, -3, 3, -3, 2, -2, 1, 0, 1, 
502, 138, 63, 4, 0, 1, 6, 4, 0, 1, 359, 86, -136, 13, -14, 0, 1, -10, 3, 71, -288, 53, 10, 1, 8, 5, -6, -60, 80, 87, -12, 16, -18, 3, 2, 11, 1, -13, -48, -19, 6, -1, 2, -27, 21, -27, -6, 58, -4, 0, 1, 2, 4, 15, -21, 56, -39, 0, 1, -11, -8, -3, -6, 1, 0, 1, -23, 7, 20, 3, 
464, -54, 19, -8, -8, -6, 2, 2, -406, 125, 70, 11, 2, 3, 9, 6, 103, 251, 36, -1, -4, 1, 4, 7, 154, 38, -46, -26, -20, -9, -4, 4, 53, -47, 18, 1, -6, 3, 5, 6, 25, 30, 45, -22, -24, -5, 5, 3, -1, 37, -34, -43, -24, -15, -2, 0, 1, -10, 16, -42, 7, 20, 3, 2, 2, 
711, -52, -13, -6, -3, 1, 0, 2, -381, -50, -7, -4, -3, 1, 0, 2, -255, 3, 13, 5, 0, 4, -109, 47, 25, 11, 2, -1, 0, 3, 52, 13, 6, 3, -1, 0, 2, 52, 23, -14, -4, 2, 0, 3, 54, -8, -33, -13, 1, 0, 3, 30, -17, -27, -11, 0, 4, 
747, 26, -11, 0, 1, 1, 1, -3, 2, -347, 29, -11, -1, 2, 1, -3, 2, -259, 10, -2, -3, 3, -1, 0, 2, -143, -11, 6, -3, 2, -2, 2, -1, -35, -26, 11, 0, 1, -1, -1, 3, -2, 38, -30, 9, 5, -6, 1, 2, -2, 63, -24, 5, 8, -8, 3, 0, 1, -1, 44, -13, 1, 6, -6, 2, 0, 2, 
518, 77, 9, -5, 8, -3, 1, 2, -472, -16, 47, -20, 14, -7, 4, -1, -63, -168, 61, -25, 8, -6, 6, -7, 115, -99, 0, 1, -9, -2, -1, 3, -5, 73, 32, -21, -18, 5, -3, 0, 2, 18, 26, 30, -33, 18, -6, 1, 2, 0, 1, -34, 47, 0, 1, 5, -2, 2, -1, -6, -35, 13, 33, -12, 3, 2, -4, 
7, -281, 272, 195, 54, 71, 95, 16, 162, -254, 60, 25, -111, -33, 10, -26, -85, 33, 67, 167, 65, 49, 50, 23, -11, 77, 5, -8, 71, 25, 8, 8, 15, -26, 27, -16, 8, 3, -4, 6, 36, 8, -11, 30, 9, 34, 9, -1, 13, 37, 7, 3, -17, -6, 19, 8, -9, -5, 8, -20, 6, -10, -2, 2, 
973, -57, -49, -39, -28, -18, -10, -4, 51, 69, 61, 49, 35, 23, 13, 5, -31, -42, -37, -30, -22, -14, -8, -3, 7, 10, 10, 9, 7, 5, 3, 2, 10, 13, 10, 6, 2, 0, 1, -1, -1, -18, -24, -19, -13, -6, -1, 1, 1, 17, 23, 18, 11, 5, 0, 1, -1, -1, -10, -13, -10, -6, -2, 0, 1, 1, 1, 
1016, 0, 63, 
1016, 0, 63, 
1016, 0, 63, 
1016, 0, 63, 
1016, 0, 63, 
1016, 0, 63, 
1016, 0, 63, 
1016, 0, 63, 
1016, 0, 63, 
1016, 0, 63, 
1016, 0, 63, 
1016, 0, 63, 
1016, 0, 63, 
1016, 0, 63, 
429, 225, 145, -2, 24, 8, 9, -5, 129, 259, -264, -33, -5, -29, -11, 7, 93, -170, -66, 108, 0, 1, 39, 11, 0, 1, 14, -12, 60, 20, 8, -53, -16, 0, 1, 8, -16, -20, 28, -65, 0, 1, 49, -15, 7, -1, 12, 2, -18, 50, -10, -1, 7, -12, -1, 1, -5, -7, 1, -29, 4, -5, 6, 0, 2, 7, 0, 1, 5, 
851, -174, -66, -11, -8, -8, -2, 0, 1, -191, -193, -56, 6, 1, -4, 0, 1, 1, -101, -82, 18, 46, 19, 4, 6, 4, -31, -1, 59, 55, 13, -2, 2, 4, -8, 15, 47, 27, -12, -19, -4, 2, -9, 3, 19, -1, -28, -24, -4, 4, -9, -2, 6, -7, -21, -12, 4, 8, -3, 0, 1, 4, -1, -7, -1, 7, 8, 
1016, 0, 63, 
890, 72, 18, -1, -1, 0, 2, 3, 170, -96, -26, 1, 2, 0, 1, -1, -4, -148, 78, 27, 1, -3, 0, 1, 2, 4, 118, -55, -28, -3, 4, 2, -3, -3, -84, 30, 28, 6, -5, -3, 4, 3, 54, -11, -25, -7, 5, 4, -4, -2, -30, 0, 1, 18, 6, -4, -3, 4, 1, 13, 2, -10, -3, 2, 2, -2, 0, 1, 
849, -52, 20, -13, 1, -2, 4, -2, 223, 67, -28, 19, -3, 3, -5, 2, -191, -48, 26, -17, 6, -4, 3, -1, 145, 22, -23, 14, -10, 4, -1, 0, 1, -97, 1, 19, -11, 13, -5, -1, 1, 55, -17, -14, 8, -13, 4, 2, -2, -26, 21, 9, -5, 11, -3, -2, 2, 9, -14, -4, 2, -6, 2, 1, -1, 
1014, -2, -2, -2, -1, -1, -1, 0, 1, 2, 3, 3, 3, 2, 2, 1, 0, 1, -2, -3, -3, -3, -2, -2, -1, 0, 1, 2, 3, 3, 2, 2, 1, 1, 0, 1, -1, -2, -2, -2, -1, -1, -1, 0, 1, 1, 2, 2, 1, 1, 1, 0, 2, -1, -1, -1, -1, -1, 0, 11, 
114, -446, 442, 460, 77, 139, 202, 28, -59, 73, -47, 19, 0, 1, -7, 6, -2, -52, 64, -41, 15, 2, -8, 6, -2, -43, 53, -32, 10, 4, -9, 6, -2, -33, 39, -22, 4, 6, -9, 6, -3, -22, 27, -14, 0, 1, 7, -9, 6, -2, -14, 16, -7, -1, 6, -7, 4, -2, -6, 7, -3, -1, 3, -3, 2, -1, 
1013, -3, -3, -3, -2, -2, -1, 0, 1, -3, -5, -5, -4, -3, -3, -2, -1, -3, -5, -4, -4, -3, -2, -2, -1, -3, -4, -4, -3, -3, -2, -1, 0, 1, -2, -3, -3, -3, -2, -2, -1, 0, 1, -2, -3, -2, -2, -2, -1, -1, 0, 1, -1, -2, -2, -1, -1, -1, 0, 3, -1, -1, 0, 5, 
1016, 0, 63, 
1016, 0, 63, 
1016, 0, 63, 
1016, 0, 63, 
1016, 0, 63, 
544, 80, 338, -21, 64, -92, -65, -49, 471, -80, -338, 21, -64, 92, 65, 50, -93, 15, 66, -4, 12, -18, -13, -10, -116, 19, 83, -5, 15, -22, -16, -12, 71, -12, -51, 3, -9, 13, 9, 7, 31, -5, -22, 1, -4, 6, 4, 3, -38, 6, 27, -1, 5, -7, -5, -4, 1, 0, 7, 
1016, 0, 63, 
1016, 0, 63, 
1016, 0, 63, 
1016, 0, 63, 
1016, 0, 63, 
1016, 0, 63, 
1016, 0, 63, 
772, 298, -188, 73, -4, -10, 0, 1, 6, 143, -159, 60, 31, -67, 49, -12, -5, 16, -34, 55, -61, 38, 0, 1, -28, 26, 10, -12, 9, -13, 24, -35, 36, -22, -1, 0, 1, 5, -10, 13, -14, 12, -7, 3, -3, 0, 1, 1, -2, 3, -4, 3, 0, 1, 1, -1, 3, -6, 7, -6, 3, -1, 2, -3, 3, -2, 1, -1, 0, 1, 
635, -405, -157, -21, -10, -14, -3, 1, -169, -115, 86, 130, 54, 6, 6, 6, -16, 26, 73, 17, -59, -56, -15, 1, -13, 3, 17, -16, -30, 9, 39, 25, -6, 3, 10, -6, -5, 15, 14, -2, -2, 3, 6, -4, -2, 6, -5, -17, 0, 1, 3, 5, -1, 0, 1, 6, -2, -10, -5, -3, 1, 1, 2, 5, 1, -3, 
1009, 9, -8, 7, -6, 5, -3, 1, 9, -12, 11, -10, 9, -7, 4, -2, -8, 11, -11, 9, -8, 6, -4, 2, 7, -10, 9, -8, 7, -5, 4, -2, -6, 8, -8, 7, -6, 4, -3, 1, 4, -6, 6, -5, 4, -3, 2, -1, -3, 4, -4, 3, -3, 2, -1, 0, 1, 1, -2, 2, -1, 1, -1, 0, 2, 
422, 110, 105, 27, 6, 5, 7, 1, 197, 286, -159, -33, -8, 0, 1, -15, -4, 161, -245, -95, 58, -22, 8, 7, 7, 11, -52, 100, 28, 32, 9, -3, -1, 12, -6, 6, 18, -50, -36, -6, 1, 13, -30, 34, -34, -26, 43, 10, 4, 7, -10, 17, -32, 42, 11, -9, 8, -2, 4, -3, 0, 1, -3, -2, -22, -20, 
570, -99, -20, -4, -9, -3, 1, -3, -473, -43, 8, 10, 0, 1, 2, 5, 0, 1, -165, 102, 45, 21, 15, 7, 4, 4, 32, 104, 6, -5, 7, 0, 1, -5, 2, 61, 1, -42, -22, 2, 0, 1, -5, 0, 1, 28, -54, -18, 1, 5, 7, 4, 0, 1, 8, -33, 34, 23, -3, 1, 6, 0, 1, 3, -4, 41, 17, -13, -8, 0, 1, -2, 
626, 69, -22, 6, 3, 3, -5, 2, -450, 47, -10, 0, 1, 6, 0, 1, -3, 1, -223, -46, 23, -9, 3, -4, 4, -2, -22, -84, 25, -2, -8, -2, 7, -3, 63, -38, -2, 12, -16, 3, 2, -1, 54, 28, -20, 8, -5, 3, -2, 1, 20, 56, -10, -11, 14, -2, -4, 3, 1, 38, 2, -18, 19, -5, -2, 2, 
364, 2, 55, -31, 23, -7, 3, 3, 31, -408, -12, 34, -18, 5, 2, -9, 217, 47, -202, -6, 0, 1, 2, -16, 6, 27, 128, 9, -22, -16, -6, 12, 1, 13, 2, -13, -24, 54, -11, -4, 8, 1, 6, -2, -73, -25, 36, 1, -9, 11, 16, 13, 0, 1, -55, -7, 16, 11, 10, 8, 12, 11, 2, 13, 7, -27, 
127, -544, 431, 396, 28, 100, 164, 11, 35, 52, 56, 60, 60, 55, 42, 23, -18, -27, -32, -37, -39, -37, -29, -16, 0, 1, 1, 6, 12, 16, 18, 15, 8, 10, 13, 9, 4, 0, 1, -4, -4, -3, -11, -15, -12, -8, -4, -1, 0, 2, 7, 9, 8, 5, 3, 1, 0, 2, -2, -3, -2, -2, -1, 0, 3, 
815, 215, -80, -3, 9, 8, -8, 0, 1, 250, -264, 87, 17, -18, -9, 9, 1, -168, 165, -27, -43, 26, 3, -4, -4, 77, -58, -29, 59, -26, -3, 1, 7, -13, -10, 54, -50, 10, 11, -2, -7, -11, 29, -43, 23, 12, -23, 6, 5, 10, -19, 18, 3, -27, 28, -9, -3, -3, 5, -2, -10, 21, -19, 6, 1, 
292, 10, -9, 14, 10, 5, 2, -1, 739, 6, 39, -16, -10, -1, 0, 1, 2, -161, -37, -77, 9, 2, -9, -3, -5, -214, 30, 63, -6, -1, 7, 2, 4, 207, 2, -15, 9, 7, 3, 1, -1, -31, -12, 0, 1, -10, -8, -6, -2, 0, 1, -62, -9, -26, 8, 3, -1, 0, 1, -1, 46, 21, 36, -3, 0, 1, 6, 2, 2, 
719, -273, -40, 27, -7, -7, 7, 2, 353, 313, 22, -46, 10, 10, -8, -1, -200, -146, 48, 56, -12, -11, 6, -1, 51, -6, -94, -46, 20, 11, -4, 5, 22, 66, 80, 13, -29, -4, 7, -6, -21, -39, -24, 24, 30, -7, -14, 4, -7, -9, -23, -42, -22, 16, 19, 0, 1, 17, 24, 30, 31, 10, -14, -14, -1, 
778, 245, -75, -17, 7, 17, -11, -2, 289, -292, 74, 36, -15, -20, 12, 4, -177, 161, -3, -60, 22, 13, -4, -8, 60, -30, -55, 67, -18, -9, -3, 13, 10, -38, 66, -44, -1, 12, 7, -16, -23, 38, -33, 0, 1, 27, -19, -7, 16, 7, -7, -6, 32, -42, 22, 4, -12, 3, -8, 18, -30, 31, -15, -2, 6, 
276, 2, -1, 6, 6, 3, 3, 1, 752, 13, 21, -10, -3, 0, 1, -1, 0, 1, -158, -37, -48, 10, -5, -7, -4, -2, -215, 29, 38, -7, 4, 6, 3, 1, 193, -1, -4, 3, 3, 1, 2, 0, 1, -16, -6, -4, -3, -5, -3, -3, -1, -63, -12, -17, 6, 0, 1, -1, 0, 2, 38, 21, 26, -5, 4, 4, 3, 1, 
668, -330, -32, 95, 19, -50, -5, 42, 372, 348, 22, -111, -20, 59, 7, -46, -119, -102, 15, 54, 6, -29, -5, 18, -68, -71, -22, 5, 2, -4, 0, 1, 5, 93, 84, 0, 1, -30, -1, 21, 4, -12, -18, -11, 11, 13, -2, -11, -3, 4, -44, -39, 1, 17, 2, -8, -1, 6, 44, 35, -11, -24, -1, 14, 3, -7, 
498, 88, 371, -23, 70, -101, -71, -54, 302, -51, -216, 13, -41, 59, 41, 32, -307, 52, 221, -14, 41, -59, -42, -32, -191, 32, 137, -8, 25, -37, -26, -19, 10, -1, -7, 0, 1, -1, 2, 1, 1, -118, 20, 85, -5, 15, -22, -16, -12, -116, 19, 83, -5, 15, -22, -16, -12, 37, -6, -27, 1, -5, 7, 5, 3, 
965, 67, -56, 41, -25, 12, -4, 0, 1, 67, -90, 75, -55, 33, -16, 5, 0, 1, -58, 77, -64, 45, -26, 11, -2, 0, 1, 45, -59, 48, -32, 16, -4, -1, 2, -30, 40, -31, 18, -6, -1, 5, -4, 18, -23, 16, -8, 0, 1, 5, -7, 4, -9, 11, -7, 1, 3, -6, 6, -4, 3, -4, 2, 0, 1, -2, 4, -4, 2, 
345, 83, 57, 22, 5, 4, -2, -2, 719, -32, -55, -21, -7, -4, 3, 0, 1, -239, -116, -1, -4, 2, 2, -1, 7, -106, 150, 45, 29, 9, -2, -3, -9, 155, -54, -40, -32, -16, 1, 4, 4, -47, -35, -9, 7, 10, 3, 3, 2, -29, 37, 55, 23, 4, -7, -13, -6, 29, -5, -52, -27, -9, 7, 13, 4, 
288, -19, -4, 3, 1, -1, 0, 2, 774, -6, -4, -2, -1, -1, -1, -1, -237, 54, 20, -1, 0, 1, 6, 5, 1, -152, -43, -15, 1, 0, 1, -4, -4, -1, 195, -9, -2, 0, 5, -35, 23, 6, -2, -1, 2, 1, 0, 1, -88, 14, 6, 1, 0, 1, 2, 1, 0, 1, 84, -34, -13, 0, 2, -4, -3, 0, 1, 
797, 158, -213, 20, -48, -73, 22, -42, 240, -174, 235, -22, 52, 81, -24, 46, -89, 64, -87, 8, -19, -30, 9, -17, -34, 24, -33, 3, -7, -11, 3, -6, 63, -45, 61, -5, 13, 21, -6, 12, -18, 13, -17, 1, -3, -6, 1, -3, -31, 22, -30, 2, -6, -10, 3, -6, 36, -26, 35, -3, 7, 12, -3, 6, 
564, -58, -212, 14, 78, 43, -33, -33, 525, 38, 232, -1, -95, -46, 37, 38, -265, 47, -77, -39, 58, 16, -14, -18, 30, -94, -55, 66, -19, 3, -2, 2, 64, 63, 94, -57, -7, 1, 5, 0, 1, -33, 6, -51, 21, 20, -21, 3, 5, -28, -53, -7, 12, -22, 35, -11, -10, 40, 46, 24, -18, 14, -27, 10, 8, 
283, -40, 58, -16, 19, -9, 8, 1, 778, 23, -30, 16, -12, 8, -7, 0, 1, -244, 34, -54, 2, -14, 1, -4, -3, -127, -50, 62, -21, 28, -11, 11, -1, 158, 14, 2, 23, -16, 12, -7, 8, -18, 22, -42, 0, 1, -6, 0, 1, -2, -5, -67, -25, 18, -28, 20, -14, 10, -6, 53, 10, 10, 29, -16, 15, -9, 9, 
966, -67, -60, -50, -39, -27, -17, -8, 65, 89, 79, 66, 51, 35, 22, 10, -52, -71, -63, -52, -39, -26, -16, -7, 35, 48, 41, 33, 23, 14, 8, 3, -18, -24, -20, -14, -8, -3, 0, 2, 5, 6, 4, 0, 1, -2, -4, -4, -2, 1, 2, 4, 5, 7, 7, 5, 3, -2, -3, -4, -5, -5, -5, -3, -2, 
458, 502, 0, 1, -185, 50, 52, 0, 1, -50, 23, 26, -92, 43, 23, -5, -38, 35, 6, -7, -5, 13, 6, -23, -2, 26, 12, -8, -1, -3, 12, -8, 0, 1, 3, 1, -1, 0, 2, 1, -1, 0, 2, -3, 5, -5, 5, -3, 3, -2, 1, 2, -1, -2, 1, 2, -3, 0, 1, 4, 5, -3, 0, 2, 5, -4, 0, 1, 2, 
993, -30, -28, -26, -22, -17, -11, -6, -27, -38, -36, -32, -27, -21, -14, -7, -19, -27, -25, -23, -19, -15, -10, -5, -12, -17, -16, -14, -12, -9, -6, -3, -6, -9, -8, -8, -6, -5, -3, -1, -2, -4, -3, -3, -2, -2, -1, 0, 17, 
678, 400, -221, 50, 34, -31, -4, 17, 104, -97, -9, 88, -88, 29, 26, -34, 21, -31, 27, -8, -19, 38, -37, 21, 9, -14, 14, -13, 3, 16, -32, 26, 8, -12, 9, -1, -6, 8, -3, 0, 1, 11, -11, 0, 1, 5, -3, 0, 1, 2, -1, 0, 1, -3, 6, -5, 0, 1, 4, -5, 3, 3, -3, 1, 0, 2, 1, -2, 2, 
749, -318, -191, -81, -32, -23, -19, -9, -140, -138, -12, 76, 84, 49, 20, 8, -30, -10, 46, 63, 27, -16, -30, -18, -12, -1, 21, 15, -16, -37, -30, -12, -8, -2, 8, 4, -8, -8, 5, 11, -1, 2, 6, 1, -4, 1, 15, 16, -2, -1, -1, -6, -10, -5, 5, 8, 1, 3, 3, 1, -1, 0, 1, 3, 4, 
1016, 0, 63, 
1016, 0, 63, 
932, 109, -87, 58, -31, 11, -1, -1, -94, 123, -95, 59, -26, 4, 5, -5, -47, 59, -39, 14, 6, -17, 18, -11, -13, 14, -1, -13, 23, -26, 21, -12, -1, 0, 1, 7, -15, 19, -19, 14, -7, -1, 0, 1, 3, -7, 9, -8, 5, -2, -3, 4, -1, 0, 1, 1, -1, 0, 2, -3, 4, -3, 2, -1, 1, -1, 0, 1, 
279, -475, 265, 174, -112, 15, 97, -25, -103, -74, 10, -23, -80, -56, -12, -2, 5, 14, 35, 48, 25, -6, 0, 1, 15, -4, -6, 0, 1, 9, 11, 0, 1, -13, -12, -9, -8, -1, 1, 3, 0, 1, -10, -14, -5, -5, 0, 1, 5, 3, -3, -6, -3, 1, 3, 6, 8, 6, 3, -1, -2, -2, -4, -5, -2, 0, 1, -1, -4, -3, 
-225, 280, 525, 20, 113, 27, -2, 25, 168, 172, -13, -156, -106, -116, 0, 1, -32, -105, 250, -214, 23, -56, 25, 85, 6, 54, -40, -19, -20, -27, 96, -15, 41, 16, 0, 1, -20, -1, -5, 35, -19, -3, -22, 35, -35, 9, 11, 1, 2, -22, 44, -45, 33, -26, 13, 3, -14, -6, -19, 34, -22, 2, 7, -15, 11, -15, 
502, -31, -41, -20, -24, -7, -9, 0, 1, 558, -43, -56, -27, -33, -9, -12, -1, -463, -39, -52, -24, -30, -8, -11, 0, 1, 150, -33, -45, -20, -25, -6, -9, 0, 1, -20, -26, -36, -16, -20, -4, -7, 0, 1, -151, -19, -27, -11, -15, -2, -5, 0, 1, 133, -12, -18, -7, -9, -1, -3, 0, 1, -102, -6, -8, -3, -4, 0, 1, -1, 0, 1, 
-254, -105, 576, -85, 142, -88, -17, -47, 150, -91, 87, 102, -63, 137, -50, 40, -152, -284, -168, -20, -31, 87, 68, 28, 32, -7, -15, 7, -47, -21, 10, -24, -1, -31, -33, -14, -40, -33, 2, -26, -42, -54, -54, -24, -24, -26, 8, -19, 35, 40, 19, 5, -20, -30, -17, -21, -25, -40, -24, -11, -8, 0, 1, -2, -1, 
14, 792, 104, -172, -81, 15, 55, 27, -110, 2, 144, -15, -86, -6, 40, 21, 94, -3, -121, 13, 71, 5, -31, -19, -34, 25, 25, -39, -15, 50, -4, -38, 23, -9, -29, 29, 5, -22, 1, 16, -7, 8, 5, -22, 7, 20, -8, -15, 4, -7, 0, 1, 11, -4, -10, 6, 3, 0, 1, 2, 0, 1, -5, 3, 3, -3, 0, 1, 
463, -220, -53, -69, -30, -27, -9, -7, 572, 98, -60, -8, -29, -10, -13, -1, -359, 12, 39, -6, 5, 1, 4, 0, 1, 63, -197, -85, -47, -26, -19, -7, -2, -16, 80, -67, -29, -40, -20, -17, -4, -37, -47, 75, -11, 16, 4, 9, -1, 9, -24, -83, 27, 1, 9, 1, 7, -19, 2, 21, -48, -24, -19, -9, -8, 
953, -60, -11, 3, -13, -17, 5, 18, 0, 1, 31, 76, 66, 12, -15, 4, 20, -81, -78, -14, 4, -17, -22, 7, 23, 0, 1, 26, 64, 56, 10, -12, 3, 17, -62, -59, -10, 3, -13, -16, 5, 18, 0, 1, 17, 42, 37, 6, -8, 2, 11, -33, -32, -5, 2, -7, -9, 3, 9, 0, 1, 6, 15, 13, 2, -3, 0, 1, 3, 
-69, 185, 778, -49, 148, -212, -150, -115, 0, 56, 
114, 798, -29, -173, -3, 46, 14, -14, 163, -28, -193, 56, 112, -38, -42, 9, 52, -34, -50, 76, 6, -72, 12, 53, 22, -18, -13, 34, -17, -16, 23, -8, 4, -10, 7, 14, -27, 7, 26, -31, 8, -5, -1, 5, -14, 13, 16, -31, 6, -6, -2, 11, -8, -3, 9, -5, 5, -4, -4, 9, -1, -7, 3, 3, 
716, -358, -225, -123, -79, -57, -36, -16, -215, -223, -65, 37, 55, 41, 29, 16, -97, -75, 39, 93, 74, 39, 19, 9, -49, -25, 48, 63, 23, -13, -21, -12, -21, -1, 42, 37, -6, -37, -35, -18, -18, -5, 23, 15, -16, -33, -25, -11, -13, -5, 14, 11, -5, -11, -4, 0, 1, -6, -1, 9, 9, 3, 1, 5, 5, 
38, 836, 53, -264, -40, 150, 21, -112, -6, -2, 7, 5, -4, -6, 1, 6, -6, -2, 7, 5, -4, -6, 1, 6, -5, -1, 6, 4, -3, -5, 1, 5, -4, -1, 5, 4, -3, -4, 1, 4, -3, -1, 4, 3, -2, -3, 1, 3, -2, 0, 1, 3, 2, -1, -2, 0, 1, 2, -1, 0, 1, 1, 1, 0, 1, -1, 0, 1, 1, 
437, 418, -565, 53, -126, -194, 59, -112, 0, 56, 
20, -645, -77, 28, 82, 37, -23, -47, -355, 153, 220, -67, -78, -21, 36, 30, -123, 156, -22, -107, 32, 44, 2, -24, -13, 107, -117, -45, 69, 21, -15, -20, -13, 50, -76, 32, 21, -26, 1, 11, -12, 28, -36, 35, -25, -14, 24, 5, 0, 1, 20, -26, 9, -26, 22, 20, -28, 2, 9, -15, 1, -8, 25, 4, -35, 
290, 737, -282, -83, 152, -53, -54, 65, -110, -1, 72, -67, -28, 49, -8, -25, -79, -16, 49, -34, -36, 33, 9, -32, -52, -25, 27, -9, -33, 16, 17, -29, -37, -23, 14, -2, -22, 6, 12, -16, -28, -17, 8, -2, -12, 1, 4, -5, -19, -11, 5, -2, -7, 0, 1, 1, -2, -9, -6, 2, 0, 1, -3, 0, 1, 1, -1, 
557, -585, -419, -205, -9, 116, 148, 98, 24, 27, 11, -8, -24, -30, -26, -15, 20, 23, 9, -7, -20, -26, -23, -13, 16, 18, 7, -5, -16, -20, -18, -10, 11, 13, 5, -3, -11, -14, -13, -7, 6, 8, 3, -2, -6, -9, -8, -4, 3, 4, 1, -1, -3, -5, -4, -2, 1, 1, 0, 2, -1, -2, -1, -1, 
443, 485, 56, -208, 35, 51, 23, -65, -14, -35, 85, -29, -14, -20, 35, -5, 0, 1, 2, -13, 16, 0, 1, -12, -5, 20, -1, -3, 11, -8, -1, 3, 4, -8, 5, -6, 1, 1, 5, -10, 0, 1, 7, -7, 5, 0, 1, 2, -7, 5, 0, 1, -2, 1, 0, 1, -3, 1, 1, 0, 1, -1, 1, 0, 8, 
1011, -6, -6, -5, -4, -3, -2, -1, 6, 8, 8, 7, 6, 4, 3, 1, -5, -7, -6, -5, -5, -4, -2, -1, 3, 5, 5, 4, 3, 3, 2, 1, -2, -3, -3, -3, -2, -2, -1, 0, 1, 2, 2, 2, 2, 2, 1, 1, 0, 1, -1, -2, -2, -1, -1, -1, 0, 3, 1, 1, 0, 5, 
600, 470, -208, -14, 89, -45, -17, 32, -65, 46, 39, -78, 41, 21, -51, 37, 20, -19, -2, 26, -29, 5, 24, -28, -10, 10, 1, -11, 11, -3, -5, 6, 4, -3, 0, 1, 1, 0, 1, 2, -5, 5, 3, -1, -5, 6, -1, -5, 8, -6, 0, 2, 1, -2, 0, 1, 2, -4, 3, -1, 1, 0, 2, 1, -1, 0, 2, 
847, -223, -185, -135, -86, -48, -23, -8, 71, 86, 50, 7, -27, -44, -42, -24, -31, -35, -13, 12, 30, 36, 30, 16, 7, 6, -4, -14, -19, -17, -12, -5, -3, -2, 1, 4, 4, 0, 1, -2, -2, 3, 3, 1, 0, 1, 2, 5, 7, 5, -1, 0, 2, 1, 0, 1, -2, -3, -2, -1, -3, -3, -4, -3, -1, 0, 2, 
1016, 0, 63, 
1016, 0, 63, 
998, 23, -22, 19, -16, 12, -8, 4, 22, -31, 29, -25, 21, -16, 10, -5, -17, 24, -22, 20, -16, 12, -8, 4, 12, -16, 15, -13, 11, -8, 5, -2, -7, 10, -9, 8, -6, 4, -3, 1, 4, -6, 5, -4, 3, -2, 1, 0, 1, -3, 4, -3, 3, -2, 1, -1, 0, 1, 1, -2, 1, -1, 1, 0, 3, 
358, -412, 268, 200, -49, 59, 111, -18, 86, 78, 36, 70, 86, 39, 14, 21, -22, -11, 8, -5, -22, -11, 3, 4, 0, 1, -3, -11, -10, 0, 1, 5, -4, -11, 3, 5, 7, 9, 3, -2, 3, 8, -4, -6, -6, -6, -4, -2, -2, -3, -2, -2, -1, -3, -2, 0, 2, -2, 4, 5, 5, 5, 4, 2, 2, 2, 
-226, 189, 580, 36, 138, 43, -12, 42, -80, -223, 35, 93, 103, 151, -2, 46, -84, 231, -165, 26, -81, -6, 53, 10, -71, 61, -10, 31, 44, -87, 9, -66, -31, 58, -60, 11, -18, 22, 23, 13, -36, 35, -18, 23, 0, 1, -17, 0, 1, -11, -7, 22, -14, -5, 3, -9, 11, -6, -10, -7, -5, 11, -1, 16, -1, 9, 
707, -27, -25, -21, -17, -12, -8, -4, -360, 37, 34, 29, 23, 17, 11, 5, -360, -34, -31, -27, -21, -16, -10, -5, -238, 29, 27, 23, 18, 13, 8, 4, -197, -24, -21, -18, -14, -10, -6, -3, -95, 17, 16, 13, 10, 7, 5, 2, -64, -11, -10, -9, -7, -5, -3, -1, -17, 5, 5, 4, 3, 2, 1, 0, 1, 
761, -46, 43, -38, 32, -25, 17, -9, -343, -62, 58, -52, 44, -34, 23, -12, -296, -53, 50, -45, 38, -30, 20, -10, -230, -41, 39, -35, 29, -23, 16, -8, -159, -28, 26, -24, 20, -16, 11, -5, -96, -17, 16, -14, 12, -10, 6, -3, -49, -8, 8, -7, 6, -5, 3, -1, -19, -3, 3, -2, 2, -2, 1, 0, 1, 
969, 48, -29, 30, -19, -3, 4, 6, -42, 72, -69, 28, -7, 14, -3, -12, -60, 62, -37, 39, -25, -5, 6, 7, -34, 59, -56, 22, -4, 10, -2, -11, -44, 45, -26, 28, -17, -5, 5, 5, -21, 38, -36, 13, -1, 6, 0, 1, -7, -23, 23, -13, 14, -8, -3, 3, 2, -7, 12, -12, 4, 0, 1, 1, 0, 1, -2, 
451, 175, -16, 32, 0, 1, 10, 5, 0, 1, -646, 134, 16, 21, 10, 7, 7, 1, -320, -78, 67, -15, 20, -3, 3, 3, -56, -170, 37, -10, 2, -3, -3, 3, 37, -97, -48, 12, -26, 1, -8, 0, 1, 30, 10, -84, -2, -27, -2, -7, -5, 17, 42, -43, -47, 0, 1, -13, -3, -8, 13, 21, 0, 1, -54, 13, -14, 0, 1, -5, 
-54, -602, 334, 102, 13, 126, 21, 23, 113, -161, -300, 2, -39, -118, -4, -29, 130, 9, -113, 31, 66, -8, 0, 1, 14, 61, 68, -25, -33, 87, 42, -33, 33, 18, -10, -55, -48, -7, 23, 0, 1, -34, 8, 14, -11, -42, -3, 34, 0, 1, -30, 13, 12, 0, 1, -14, -6, 31, 16, -29, 3, 6, 0, 1, -11, -3, 14, 5, -13, 
-69, 185, 778, -49, 148, -212, -150, -115, 0, 56, 
58, 814, 30, -202, -25, 60, 15, -7, -123, 1, 159, -3, -118, 0, 1, 61, 4, 41, -15, -52, 41, 36, -58, -17, 64, -22, 9, 27, -26, -17, 35, 7, -38, 7, -5, -8, 13, 3, -15, 0, 1, 15, -2, 1, 2, -2, 0, 2, -1, 1, 2, 0, 1, -2, -2, 0, 1, 6, 0, 1, -8, 3, 0, 1, -4, -1, 4, 0, 1, -2, 0, 1, 
699, -339, -242, -127, -85, -49, -38, -16, 233, 190, 83, -37, -50, -56, -27, -17, -115, -44, 22, 94, 69, 51, 14, 7, 66, 0, 1, -32, -64, -19, 4, 28, 16, -39, 18, 29, 39, -8, -28, -42, -22, 33, -8, -13, -19, 15, 25, 31, 14, -23, 5, 9, 16, -2, -4, -7, -1, 13, 0, 1, -3, -10, -2, -3, -2, -3, 
-235, 628, 157, -80, -15, 64, 0, 1, -62, 279, 236, -52, -160, -55, 47, 25, -21, -82, -121, -99, -18, 63, 63, -5, -41, 1, 47, 109, 84, -7, -54, -21, 14, -12, -26, -42, -48, -35, -7, 13, 15, 12, 17, 18, 18, 19, 20, 20, 13, 1, -6, -18, -13, -1, -8, -30, -31, -2, 0, 1, 7, 7, 4, 7, 13, 12, 
437, 418, -564, 54, -126, -194, 59, -112, 0, 56, 
365, -743, -333, 43, 182, 90, -60, -95, 0, 56, 
379, 732, -340, -23, 169, -94, -41, 79, 0, 56, 
540, -606, -428, -199, 7, 138, 168, 109, 0, 56, 
683, 388, -205, 47, 17, -11, -7, 10, -128, 116, 16, -99, 86, -27, -11, 14, 11, -30, 46, -25, -22, 53, -44, 19, -18, 17, -4, 5, -10, 0, 1, 22, -26, 0, 1, -5, 11, -7, -1, 0, 1, 11, -13, -3, 1, 1, 2, -10, 12, -6, 0, 1, -1, 0, 1, 4, -5, 4, -3, 3, -3, -2, 2, -1, 0, 2, 1, -1, 0, 1, 
736, -332, -192, -72, -20, -16, -18, -10, 143, 139, 8, -82, -86, -45, -13, -2, -17, 2, 50, 59, 19, -23, -34, -19, 11, 4, -10, -1, 22, 34, 22, 5, -1, 3, 9, 5, -2, 1, 14, 16, 3, 2, 0, 1, 3, 6, 0, 1, -9, -11, 0, 2, 1, -1, -4, -3, 1, 3, 0, 2, -1, -1, 0, 2, -1, -1, 
903, 135, -82, 36, -16, 14, -13, 8, -19, 39, -61, 66, -47, 17, 2, -5, -33, 47, -42, 32, -16, 1, 6, -5, -75, 83, -33, -7, 20, -13, 4, 0, 1, 52, -57, 21, 2, 0, 1, -14, 21, -14, -14, 13, 0, 1, -10, 14, -11, 7, -3, -27, 29, -9, -6, 9, -4, 0, 2, 27, -28, 6, 8, -8, 0, 1, 4, -3, 
311, -139, 77, 24, 38, 17, 2, -2, 123, -374, -78, 73, 22, -6, -13, -6, 113, 116, -171, -43, 3, -2, -19, -17, -73, 13, 18, -13, 42, 7, -5, -10, 70, 20, 31, -29, 27, 52, 0, 1, -11, -22, -8, -3, 0, 1, -54, 0, 1, 19, 1, -18, -13, -29, 6, 6, -19, -3, -6, 22, 15, 27, -3, 5, -4, 6, 25, 
759, -88, -14, -2, 3, 4, 1, 2, 283, 117, 15, 2, -3, -5, 0, 1, -2, -103, -95, -4, 0, 1, 2, 1, -2, 0, 1, -49, 61, -10, -6, -1, 1, 4, 0, 1, 81, -24, 26, 12, 0, 1, -4, -6, -1, -6, -5, -36, -16, 0, 1, 4, 5, 0, 1, -75, 19, 35, 15, 1, -3, -3, 0, 1, 78, -15, -21, -9, 0, 1, 1, 1, 0, 1, 
804, 64, -23, 7, -7, 6, -4, 3, 223, -86, 30, -8, 8, -7, 5, -4, -54, 75, -22, 2, -4, 4, -3, 3, -79, -59, 12, 4, -1, 0, 2, -1, 90, 41, -3, -10, 6, -3, 2, 0, 2, -26, -3, 13, -9, 5, -3, 0, 1, -91, 14, 6, -12, 8, -5, 3, -1, 90, -5, -4, 7, -5, 3, -2, 0, 1, 
376, 195, -11, -4, -17, 0, 1, -4, 0, 1, 288, 249, -179, 58, 6, -6, 10, 0, 1, 59, -236, -17, 65, -28, 14, 0, 1, -5, -68, 26, 31, 27, -35, -4, -1, 0, 1, 61, 14, 36, -11, -40, 34, 6, -3, -22, -17, -13, -38, 30, 21, -30, 7, -8, 2, -11, 23, 8, -10, -13, 5, 13, 6, 17, -11, -3, -9, 0, 1, 29, 
45, -520, 347, 291, -49, 33, 117, -2, 63, -67, -39, -75, -106, -78, -40, -21, 55, 31, 18, -4, -13, 0, 1, 12, 9, -61, 68, -26, -30, 5, 11, 11, 16, 70, -56, 18, 18, 0, 1, 16, 26, 10, -22, 1, -18, -16, -6, -3, -2, 0, 1, -33, 31, -11, -13, 0, 1, -5, -9, -2, 50, -19, 24, 21, 2, 3, 4, -1, 
570, 296, -78, -18, 1, 13, 0, 1, -6, -205, 325, -56, -48, 8, 15, 2, -10, -135, 126, 47, -78, 11, 15, 2, -9, -182, -24, 99, -66, -10, 25, -1, -6, 170, -55, 69, -14, -40, 32, -2, -5, -28, -16, 11, 25, -43, 15, 12, -11, -91, 15, -16, 27, -17, -14, 29, -18, 73, 16, -13, 11, 2, -22, 27, -15, 
41, -65, 0, 1, 9, 10, 16, 6, -3, -367, -188, -57, -5, 6, 11, 1, -6, 445, -223, -101, -28, -4, -1, -5, -5, 214, -38, -40, -18, 1, 5, 1, 0, 1, 132, 48, -13, -6, 13, 11, 7, 5, -26, -38, -63, -15, 13, 3, 2, 7, -2, -4, -52, -23, 0, 1, -4, -1, 4, 62, 89, 6, -14, -5, -2, 0, 1, 1, 
234, -120, 113, -106, 78, -66, 32, -15, -276, 24, 103, -103, 87, -60, 29, -17, 338, 234, -26, -10, 30, -7, 1, -4, 213, 100, -109, 40, -19, 9, -10, 8, 220, -61, -64, 27, -18, 5, -2, 7, -51, -3, 1, -2, 11, 7, 6, -3, -38, 18, -30, -1, 13, 0, 1, 5, 0, 1, 121, -50, -68, 12, -1, -9, 1, 7, 
343, 343, 140, -61, -86, -38, 56, 56, -276, 228, 192, -65, -92, -36, 55, 58, 134, -153, 118, -13, -29, -9, 14, 12, 59, -184, -3, 23, 16, 0, 1, -4, -17, 211, -30, -25, 4, 15, 5, -6, -12, -46, -8, 41, -21, -8, 10, -4, 4, -50, -52, 38, 3, -19, 1, 2, 6, 137, -36, -12, 30, -11, -8, 7, 0, 1, 
81, 7, -31, 2, -10, 6, -6, 5, -244, 45, -68, 17, -20, 6, -5, 3, 589, 57, -62, 25, -19, 4, -3, 0, 1, 246, -8, 12, 4, -5, 9, -6, 3, 124, -29, 47, 0, 1, 1, 10, -6, 3, 7, 11, 23, 17, -2, 5, 0, 1, -2, 4, -5, 35, 8, 1, 4, 0, 1, -1, 26, -43, 55, -10, 8, 6, -3, 2, 
420, -357, 3, 37, -30, -2, 13, -7, -317, -340, 65, 60, -37, 5, 20, -13, -104, -28, 141, 43, -32, 19, 19, -19, -122, 113, 98, -19, -34, 27, 14, -21, 192, 45, -6, -64, -24, 30, 10, -15, -46, -26, -42, -36, 8, 22, 1, -4, -99, -10, 0, 1, 22, 29, 0, 1, -14, 0, 1, 100, 12, 30, 39, 20, -12, -17, -1, 
264, 101, 425, -27, 81, -116, -82, -62, -335, 81, 342, -21, 65, -93, -66, -50, 103, -11, -47, 3, -9, 13, 8, 7, -37, -22, -95, 6, -18, 25, 18, 14, 108, 8, 36, -2, 6, -9, -6, -5, -86, 9, 40, -2, 7, -10, -7, -5, -62, -4, -19, 1, -3, 5, 3, 2, 126, -4, -20, 1, -3, 5, 4, 2, 
739, 149, -104, 53, -14, -3, 6, -3, -6, 187, -128, 61, -11, -9, 11, -5, -68, 129, -80, 27, 8, -20, 15, -6, -225, 63, -28, -7, 26, -26, 16, -6, 142, 13, 7, -26, 32, -23, 10, -2, -28, -8, 19, -27, 24, -13, 1, 2, -84, -11, 15, -16, 11, -2, -5, 5, 102, -5, 7, -6, 2, 2, -5, 4, 
82, 7, 55, 3, 7, 2, 10, 0, 1, -652, -1, 18, 6, 1, 3, 3, 0, 1, -159, -14, -70, 7, -12, 1, -11, 0, 1, 3, -12, -50, 1, -13, -2, -9, 0, 1, 313, -4, 45, -4, -2, -2, 4, -1, -44, 3, 61, -1, 5, 0, 1, 9, 0, 1, -166, 3, -21, 9, 2, 4, 0, 1, 1, 62, -4, -63, 11, -3, 5, -7, 1, 
-240, 520, 47, -239, -51, 57, 36, -59, -57, -79, -259, -113, 7, 127, -7, -55, -129, -185, 7, 16, 53, -26, 2, -5, -121, -89, -65, 39, 23, 49, 12, 15, 52, 42, 71, 38, 48, 0, 1, -9, -21, 0, 1, 22, 12, 25, 0, 1, 1, -8, 0, 1, -33, -38, 6, 20, 16, -20, -37, -32, 44, 50, 12, -13, -24, -16, -8, -2, 
551, 249, -289, 47, -54, -94, 40, -57, -99, 198, -235, 35, -45, -77, 31, -46, 61, -43, 17, -18, -5, 1, -10, 3, -120, -72, 49, -24, 0, 1, 11, -15, 9, 142, 27, -18, 9, 0, 1, -4, 6, -3, -50, 34, -17, 13, 2, -2, 7, -3, -84, -15, 9, -5, 0, 1, 1, -3, 1, 113, -17, 8, -6, -1, 1, -3, 1, 
496, -405, -182, 23, 100, 49, -32, -52, -140, -328, -146, 18, 80, 39, -26, -42, 79, 44, 20, -2, -11, -5, 3, 5, -97, 92, 39, -4, -22, -11, 7, 11, 133, -35, -14, 1, 8, 4, -3, -4, -63, -38, -17, 2, 9, 4, -3, -4, -79, 19, 7, 0, 1, -4, -2, 1, 2, 120, 17, 9, -1, -4, -2, 1, 2, 
501, 400, -186, -13, 92, -51, -22, 43, -132, 322, -150, -10, 74, -41, -18, 34, 79, -44, 20, 1, -10, 5, 2, -4, -102, -89, 41, 2, -20, 11, 5, -9, 136, 34, -15, -1, 7, -4, -1, 3, -61, 37, -17, -1, 8, -4, -2, 4, -83, -18, 8, 0, 1, -4, 2, 1, -2, 123, -18, 8, 0, 1, -4, 2, 1, -2, 
676, -405, -239, -85, 8, 62, 89, 69, -139, -200, -183, -108, 0, 1, 72, 76, 40, 48, 55, 27, 6, -1, -5, -9, -9, -27, -6, 46, 49, 3, -31, -23, -3, 56, 45, -14, -32, -3, 19, 9, -4, -38, -44, -23, -6, 1, 4, 8, 7, -35, -29, 7, 19, 2, -11, -5, 3, 63, 63, 14, -9, -2, 4, -2, -8, 
1011, 6, -5, 5, -4, 3, -2, 1, -6, 8, -8, 7, -6, 4, -3, 1, -5, 8, -7, 6, -5, 4, -3, 1, -5, 7, -6, 6, -5, 4, -2, 1, -4, 6, -5, 5, -4, 3, -2, 1, -3, 4, -4, 4, -3, 2, -1, 0, 1, -2, 3, -3, 2, -2, 1, -1, 0, 1, -1, 1, -1, 1, -1, 0, 3, 
364, 62, 202, 5, 19, 2, 9, 3, -28, -408, 88, 122, -21, 6, 23, 3, 61, -47, -197, 20, -10, 3, 2, 17, -28, 31, -25, -25, -39, -60, 17, -1, 14, -14, -8, 0, 1, 47, -60, -43, 22, 1, 0, 1, 1, -10, 4, 33, -20, 5, 7, 2, -9, 13, 1, -2, 4, 30, 0, 1, 3, 3, 1, 10, -6, 8, -16, 
953, -79, -57, -32, -12, -3, 0, 2, 80, 102, 73, 39, 13, 1, -1, 0, 1, -62, -77, -51, -23, -2, 5, 5, 2, 39, 47, 26, 4, -10, -13, -10, -4, -18, -20, -5, 9, 18, 17, 12, 5, 5, 4, -6, -15, -19, -17, -11, -4, 0, 1, 2, 8, 14, 15, 12, 7, 3, -1, -2, -5, -7, -8, -6, -3, -1, 
961, 66, -41, 15, 0, 1, -2, -1, 2, -73, 90, -55, 19, 0, 1, -4, 0, 1, 3, -63, 77, -45, 13, 4, -6, 0, 1, 2, -50, 59, -31, 4, 10, -9, 3, 0, 1, -34, 40, -17, -3, 14, -12, 5, 0, 1, -21, 23, -6, -8, 15, -12, 5, -1, -11, 11, 0, 1, -9, 13, -10, 5, -1, -4, 4, 1, -6, 7, -5, 2, 0, 1, 
567, 73, 10, 9, 1, 3, 1, 0, 1, -487, 42, 14, 6, 2, 2, 1, 0, 1, -179, -62, 4, -6, 0, 1, -2, -1, 0, 1, 46, -82, -20, -11, -2, -4, -2, 0, 1, 85, -11, -34, -5, -4, -2, 0, 2, 23, 46, -8, 3, -1, 0, 3, -19, 36, 33, 6, 3, 2, 0, 2, -18, 5, 40, 4, 4, 1, 0, 2, 
522, -60, 8, -9, 4, -1, 0, 1, 1, -512, -25, 9, -7, 3, -1, 0, 2, -139, 65, 0, 1, 5, -1, 0, 2, -2, 94, 58, -14, 12, -5, 2, 0, 1, -1, 87, -24, -19, 8, -4, 2, -1, 2, -6, -55, -2, -2, 0, 3, 2, -36, 0, 1, 20, -11, 6, -2, 1, -1, -14, 38, 23, -9, 5, -2, 1, -2, 
899, -121, -40, 0, 1, -2, -7, 0, 1, 4, -150, -153, -45, 7, 0, 1, -9, 0, 1, 6, -113, -108, -16, 21, 5, -7, 0, 1, 6, -68, -55, 14, 33, 9, -6, 0, 1, 6, -29, -12, 33, 36, 7, -8, -2, 4, -6, 9, 37, 30, 1, -12, -5, 1, 2, 14, 28, 18, -3, -13, -6, 0, 1, 2, 8, 14, 7, -4, -8, -4, 0, 1, 
598, -234, 223, 220, 32, 73, 92, 15, -377, -233, 223, 191, 41, 59, 92, 11, -27, -3, 3, 18, -4, 8, 1, 2, 129, 64, -61, -71, -5, -25, -25, -6, 11, 16, -15, -2, -6, 1, -6, 0, 1, -68, -47, 45, 33, 10, 9, 18, 1, -11, -1, 1, 7, -1, 3, 0, 2, 56, 30, -28, -30, -3, -10, -11, -2, 
1012, -5, -4, -4, -3, -2, -2, -1, 5, 7, 6, 6, 5, 4, 2, 1, -4, -6, -6, -5, -4, -3, -2, -1, 4, 6, 5, 5, 4, 3, 2, 1, -3, -5, -4, -4, -3, -2, -2, -1, 2, 4, 3, 3, 2, 2, 1, 0, 1, -2, -2, -2, -2, -2, -1, -1, 0, 1, 1, 1, 1, 1, 1, 0, 3, 
1016, 0, 63, 
1016, 0, 63, 
1016, 0, 63, 
1016, 0, 63, 
1016, 0, 63, 
1016, 0, 63, 
567, 351, 65, -100, -44, 38, 22, -13, -277, 190, 91, -81, -41, 26, 25, -14, 232, -225, 45, 25, -1, -15, 6, 0, 1, 241, -193, -31, 65, 9, -18, -10, 11, 34, -16, -31, 32, -7, 0, 1, -4, 4, 26, -35, 18, 9, -19, 3, 10, -7, 70, -60, -6, 27, -9, -3, 2, 0, 1, 25, 1, -49, 34, 2, -4, -9, 9, 
247, 5, -23, 3, -8, 0, 3, -183, 9, -70, 6, -31, 2, -6, 0, 1, 729, 5, -36, 3, -18, 1, -5, 0, 1, 258, -4, 52, -2, 22, 0, 1, 4, 0, 1, -156, -7, 36, -4, 15, -1, 1, 0, 1, -3, -8, 41, -5, 18, -2, 3, 0, 1, -52, -10, 63, -6, 30, -3, 8, 0, 1, -169, -4, 11, -3, 6, -1, 2, 0, 1, 
368, -285, 145, -12, 37, -1, -4, 4, -575, -136, 218, -22, 54, -4, -4, 0, 1, -22, 230, 160, -35, 59, -11, 3, -11, 136, 201, 5, -22, 60, -24, 16, -14, 24, 17, -47, 39, 46, -42, 21, -12, -6, 11, 30, 75, 15, -39, 18, -16, 25, 55, 47, 20, -12, -4, 16, -23, 14, 24, -4, -34, -17, 17, 13, -18, 
1016, 0, 63, 
1016, 0, 63, 
1016, 0, 63, 
1016, 0, 63, 
1016, 0, 63, 
951, 82, -60, 34, -14, 3, 0, 2, -83, 105, -75, 41, -14, 1, 1, -1, -62, 77, -52, 22, -1, -6, 6, -3, -37, 44, -24, 2, 11, -15, 11, -5, -16, 17, -3, -11, 19, -19, 12, -5, -4, 2, 7, -16, 20, -17, 11, -4, 0, 1, -2, 8, -13, 14, -12, 7, -3, 0, 1, -2, 4, -7, 7, -5, 3, -1, 
398, 42, 54, 27, 6, 1, 2, 0, 1, -170, -333, 81, 16, 19, -4, 4, -5, 228, -195, -138, 42, -13, 7, -11, -4, 23, 112, -73, -14, -3, -14, -5, -3, 21, 14, 13, 41, 6, -11, -8, 5, -9, 25, -52, 12, 67, -2, -1, -3, 9, -14, 6, -56, 24, 25, -19, 4, 4, -4, 0, 1, -7, -17, -17, -6, 14, 
614, -131, -8, -8, -5, -5, 1, -1, 435, 82, -21, -4, -4, 0, 1, -4, 0, 1, -173, 91, 54, 16, 17, 7, 4, 3, 2, -131, -11, 6, -7, -4, 2, -1, 27, 43, -51, -21, -3, 3, -3, 0, 1, -10, 27, 44, -6, 2, -5, -2, -1, 9, -27, 8, 40, -3, 0, 1, 4, 1, -11, 5, -29, -36, 7, 6, 0, 2, 
934, -53, -11, -6, -1, 3, 0, 1, -1, 111, 72, 15, 8, 2, -4, 0, 1, 1, -102, -64, -11, -6, 0, 1, 4, 0, 1, -1, 88, 53, 5, 2, 0, 1, -4, 0, 1, 1, -71, -40, 0, 2, 2, 4, 0, 1, -1, 52, 27, -2, -2, -2, -3, 0, 1, 1, -34, -16, 3, 2, 2, 2, 0, 1, -1, 17, 7, -2, -1, -1, -1, 0, 2, 
972, 27, -10, 0, 2, 2, -3, 2, 60, -38, 14, 0, 2, -3, 5, -2, -56, 36, -13, 0, 2, 3, -4, 2, 51, -32, 12, 0, 2, -3, 4, -2, -43, 27, -10, 0, 2, 2, -3, 2, 34, -21, 8, 0, 2, -2, 2, -1, -23, 14, -5, 0, 2, 1, -2, 1, 12, -7, 2, 0, 3, 1, 0, 1, 
713, 110, -13, 9, 0, 1, 1, -2, 2, 365, -104, 0, 1, -5, -2, 0, 2, -1, -222, -5, 32, -7, 3, -1, 4, -1, 83, 88, -38, 7, 1, -2, -3, 2, -7, -94, 6, 3, -5, 7, 0, 2, -5, 47, 34, -10, 0, 1, -4, 1, -2, -4, 0, 1, -51, 5, 11, -4, 0, 1, 2, 7, -13, 35, 0, 1, -13, 7, -2, 0, 1, 
376, 28, 11, 3, 10, 5, 4, 2, 75, 376, -45, 11, -10, -6, -1, 4, 263, -78, -176, 28, -15, 7, -6, 0, 1, -39, -141, 34, 32, -7, 2, -3, 0, 1, 5, 12, -20, 28, 11, 0, 1, 9, -7, 10, -7, 38, 65, -46, -2, -6, -4, 19, -3, 20, -42, -39, 33, 0, 1, -3, -10, -14, -14, -11, 6, -3, 21, -2, 
912, -133, -100, -60, -26, -5, 2, 3, -101, -130, -98, -58, -24, -3, 4, 4, -11, -14, -12, -8, -4, -1, 0, 2, 45, 56, 36, 12, -4, -12, -11, -6, 41, 49, 26, 0, 1, -19, -26, -22, -12, 13, 13, 1, -12, -21, -23, -19, -10, -1, -2, -2, -3, -4, -5, -4, -2, -1, 0, 1, 2, 5, 6, 5, 3, 1, 
1016, 0, 63, 
1016, 0, 63, 
1016, 0, 63, 
1016, 0, 63, 
1016, 0, 63, 
1016, 0, 63, 
1016, 0, 63, 
1016, 0, 63, 
1016, 0, 63, 
1016, 0, 63, 
1016, 0, 63, 
1016, 0, 63, 
1016, 0, 63, 
1016, 0, 63, 
1016, 0, 63, 
1016, 0, 63, 
834, 114, 9, 8, -6, 0, 1, 1, 3, -234, 141, 19, 9, -6, -1, 3, 3, -178, 90, 33, 4, 0, 1, -5, 4, 1, -107, 29, 43, 2, 4, -6, 3, 0, 1, -43, -19, 44, 6, 3, -3, 0, 2, -1, -43, 34, 14, -2, 1, -4, 1, 15, -43, 20, 18, -7, 6, -7, 2, 13, -25, 8, 12, -6, 5, -5, 2, 
551, 39, 3, 4, 0, 1, -2, 0, 2, -504, 19, 6, 2, 0, 1, -1, 0, 2, -175, -38, 2, -3, 0, 1, 2, 0, 2, 72, -41, -9, -5, 0, 1, 2, 0, 2, 114, 4, -17, -1, 1, 0, 3, 25, 30, -4, 2, 0, 1, -1, 0, 2, -50, 10, 17, 3, -1, -1, 0, 2, -51, -10, 21, 1, -2, 0, 3, 
520, -25, 8, 1, -1, -1, 2, -2, -518, -8, 3, 0, 2, -1, 1, 0, 1, -145, 31, -9, -3, 3, 0, 1, -2, 2, 104, 21, -8, 0, 2, 1, -2, 2, 109, -20, 3, 5, -4, 1, 0, 1, -1, 1, -27, 7, 3, -3, 0, 1, 2, -2, -57, 9, 0, 1, -4, 4, -1, 0, 2, -41, 29, -5, -7, 6, -1, -1, 1, 
743, -103, 7, -13, 5, -3, 5, 1, -338, -110, 20, -14, 7, -6, 6, 0, 1, -224, -26, 36, -5, 6, -9, 3, 0, 1, -99, 51, 37, 0, 1, 6, -9, 0, 1, -2, -14, 79, 13, -4, 7, -5, 0, 1, -3, 17, 57, -24, -12, 8, 1, 1, -3, 13, 19, -47, -17, 8, 5, 2, -2, 4, -1, -37, -12, 5, 5, 2, -1, 
1011, -6, -6, -5, -4, -3, -2, -1, -6, -9, -8, -7, -6, -4, -3, -1, -6, -8, -7, -7, -5, -4, -3, -1, -5, -7, -7, -6, -5, -4, -2, -1, -4, -6, -6, -5, -4, -3, -2, -1, -3, -5, -4, -4, -3, -2, -1, 0, 1, -2, -3, -3, -2, -2, -1, -1, 0, 1, -1, -1, -1, -1, -1, 0, 3, 
1016, 0, 63, 
1016, 0, 63, 
1016, 0, 63, 
1016, 0, 63, 
1016, 0, 63, 
1016, 0, 63, 
1016, 0, 63, 
1016, 0, 63, 
1016, 0, 63, 
1016, 0, 63, 
1016, 0, 63, 
1016, 0, 63, 
1016, 0, 63, 
1016, 0, 63, 
1016, 0, 63, 
1016, 0, 63, 
1016, 0, 63, 
1016, 0, 63, 
1016, 0, 63, 
1016, 0, 63, 
1016, 0, 63, 
1016, 0, 63, 
1016, 0, 63, 
1016, 0, 63, 
1016, 0, 63, 
1016, 0, 63, 
1016, 0, 63, 
1016, 0, 63, 
1016, 0, 63, 
1016, 0, 63, 
1016, 0, 63, 
1016, 0, 63, 
1016, 0, 63, 
1016, 0, 63, 
1016, 0, 63, 
1016, 0, 63, 
598, 203, -97, -8, 63, -60, 28, -5, -93, -229, 109, 10, -72, 68, -32, 6, -237, 96, -45, -4, 30, -28, 13, -2, 1, 23, -11, -1, 7, -6, 3, 0, 1, 234, -62, 29, 2, -19, 18, -8, 1, 246, 25, -11, -1, 7, -7, 3, 0, 1, 234, 27, -13, -1, 8, -8, 3, 0, 1, 189, -37, 18, 1, -11, 11, -5, 0, 1, 
744, 27, -7, -4, 14, -9, 0, 2, -249, -37, 9, 6, -19, 13, 0, 1, -1, -193, 35, -9, -5, 18, -12, 0, 1, 1, 57, -31, 8, 5, -16, 11, 0, 1, -1, 150, 27, -7, -4, 14, -9, 0, 2, 291, -21, 5, 3, -11, 7, 0, 2, 242, 14, -3, -2, 7, -5, 0, 2, 165, -7, 1, 1, -3, 2, 0, 2, 
734, 31, 9, -22, 7, 2, 4, -8, -235, -44, -13, 30, -9, -2, -5, 11, -206, 41, 13, -29, 9, 2, 5, -10, 68, -37, -11, 26, -8, -2, -4, 9, 140, 31, 9, -22, 7, 2, 4, -8, 299, -25, -7, 17, -5, -1, -3, 6, 237, 17, 5, -12, 3, 1, 2, -4, 168, -8, -2, 6, -1, 0, 1, -1, 2, 
624, 9, 110, 73, -94, -4, 6, 2, -110, 0, 1, -146, -87, 107, 15, -8, -3, -260, -28, 119, 47, -46, -31, 8, 2, 49, 46, -75, -7, -11, 38, -5, 0, 1, 198, -37, 25, -13, 37, -24, -1, -3, 242, 8, 17, 14, -29, -1, 7, 6, 271, 17, -36, -4, 8, 21, -10, -8, 155, -19, 28, 0, 1, 2, -20, 7, 5, 
582, -30, 50, -148, -31, 58, -24, 13, -70, 13, -85, 170, 38, -72, 28, -11, -257, 49, 110, -76, -22, 47, -14, -4, 13, -90, -110, -13, 6, -17, 0, 1, 15, 236, 74, 68, 53, 3, -7, 8, -12, 230, -14, 0, 1, -39, -4, 20, -8, -1, 257, -37, -47, 7, 2, -20, 4, 12, 173, 41, 44, 8, 0, 1, 12, -1, -12, 
766, 0, 1, -3, 1, 3, 0, 1, 1, 0, 1, -281, 0, 1, 4, -2, -4, 0, 1, -1, 0, 1, -164, 0, 1, -4, 2, 4, 0, 1, 1, 0, 1, 30, 0, 1, 3, -1, -4, 0, 1, -1, 0, 1, 172, 0, 1, -3, 1, 3, 0, 1, 1, 0, 1, 274, 0, 1, 2, -1, -2, 0, 3, 254, 0, 1, -1, 0, 1, 1, 0, 3, 159, 0, 7, 
648, -65, 110, 120, -8, -78, -21, 34, -133, 84, -136, -151, 5, 94, 29, -37, -262, -60, 86, 103, 7, -55, -27, 12, 71, 31, -31, -46, -18, 12, 20, 10, 176, -6, -7, 0, 1, 17, 15, -8, -18, 250, -8, 22, 23, -7, -23, -4, 11, 279, 12, -19, -26, -2, 17, 11, 0, 1, 145, -8, 9, 16, 5, -7, -9, -4, 
533, 109, 168, -87, -47, -9, 47, 2, -26, -106, -203, 86, 73, 7, -56, -7, -246, -1, 119, -2, -82, 3, 29, 13, -40, 88, -33, -64, 75, -13, -2, -14, 290, -96, -17, 69, -43, 15, -9, 3, 211, 36, 25, -22, 0, 1, -9, 6, 12, 240, 27, -10, -27, 29, 2, 1, -22, 196, -40, 0, 1, 34, -27, 1, -3, 17, 
652, -37, 19, -58, 39, 87, 16, 15, -164, 38, -19, 61, -40, -89, -17, -16, -178, -6, 0, 1, -13, 7, 11, 2, 3, -50, -24, 17, -31, 23, 60, 10, 9, 287, 35, -23, 48, -35, -87, -15, -14, 187, -26, 17, -36, 26, 66, 11, 10, 291, 10, -7, 13, -10, -27, -4, -4, 154, -1, 1, 0, 1, 1, 3, 0, 2, 
748, 0, 1, 25, -6, -15, 6, 8, -1, -256, 0, 1, -35, 8, 21, -9, -11, 2, -187, 0, 1, 33, -8, -20, 9, 11, -2, 51, 0, 1, -29, 7, 18, -8, -10, 2, 154, 0, 1, 25, -6, -15, 6, 8, -1, 288, 0, 1, -19, 4, 12, -5, -6, 1, 245, 0, 1, 13, -3, -8, 3, 4, -1, 164, 0, 1, -6, 1, 4, -1, -2, 0, 1, 
596, -40, 193, 87, -89, -49, 14, -5, -90, 44, -217, -99, 101, 56, -16, 5, -240, -16, 89, 43, -43, -23, 6, -2, 4, -8, 25, 7, -8, -6, 2, 0, 1, 231, 16, -62, -24, 25, 16, -4, 1, 248, -7, 26, 9, -9, -6, 2, 0, 1, 233, -4, 25, 12, -12, -6, 1, 0, 1, 190, 7, -35, -16, 16, 9, -2, 1, 
741, -4, 19, 22, -12, -6, -4, 0, 1, -246, 6, -27, -30, 17, 9, 5, 0, 1, -196, -6, 26, 27, -15, -9, -4, 0, 1, 58, 7, -25, -23, 12, 9, 3, 0, 1, 150, -8, 23, 18, -9, -8, -2, -1, 290, 7, -19, -13, 6, 7, 1, 1, 243, -5, 13, 8, -4, -5, 0, 2, 164, 3, -7, -4, 2, 2, 0, 2, 
526, -209, -54, 54, 8, 14, 25, 36, -15, 234, 88, -44, -3, -24, -30, -40, -258, -92, -109, -28, -15, 32, 17, 15, -28, -40, 110, 79, 27, -36, -5, 5, 279, 91, -76, -68, -23, 30, 0, 1, -8, 219, -61, 20, 9, 6, -17, -2, -2, 234, 5, 22, 44, 9, 4, 5, 14, 199, 17, -27, -45, -10, 1, -4, -13, 
747, -25, -21, -10, 2, 3, 6, 3, -254, 35, 29, 15, -2, -4, -9, -5, -189, -33, -28, -14, 2, 4, 8, 4, 52, 30, 25, 12, -2, -3, -7, -4, 153, -25, -21, -10, 2, 3, 6, 3, 289, 20, 16, 8, -1, -2, -5, -2, 244, -14, -11, -5, 1, 1, 3, 2, 164, 7, 5, 2, 0, 2, -1, -1, 
727, 0, 1, -33, 3, -1, 5, 15, 2, -226, 0, 1, 46, -5, 2, -7, -21, -3, -215, 0, 1, -44, 5, -2, 7, 19, 3, 76, 0, 1, 39, -4, 1, -6, -17, -3, 133, 0, 1, -33, 3, -1, 5, 15, 2, 304, 0, 1, 26, -3, 1, -4, -11, -2, 233, 0, 1, -18, 2, 0, 1, 3, 8, 1, 170, 0, 1, 9, -1, 0, 1, -1, -4, 0, 1, 
740, -9, 25, -5, -25, -4, 4, -2, -244, 12, -34, 7, 34, 6, -6, 3, -198, -11, 32, -6, -32, -5, 6, -3, 61, 10, -29, 6, 29, 5, -5, 3, 146, -9, 25, -5, -25, -4, 4, -2, 294, 7, -19, 4, 19, 3, -3, 2, 240, -4, 13, -2, -13, -2, 2, -1, 166, 2, -6, 1, 6, 1, -1, 0, 1, 
733, -7, 37, 13, -7, 0, 1, -5, -8, -234, 10, -51, -18, 10, 0, 1, 7, 12, -207, -10, 48, 17, -10, 0, 1, -6, -11, 69, 9, -43, -15, 9, 0, 1, 5, 10, 139, -7, 37, 13, -7, 0, 1, -5, -8, 300, 6, -29, -10, 6, 0, 1, 4, 6, 236, -4, 20, 7, -4, 0, 1, -2, -4, 168, 2, -10, -3, 2, 0, 1, 1, 2, 
559, -37, -16, 10, 172, 4, -10, -9, -48, 75, 22, -30, -190, -20, 8, 13, -254, -117, -19, 58, 66, 47, 6, -11, -8, 131, 14, -70, 46, -59, -16, 7, 258, -87, -7, 45, -84, 39, 13, -2, 223, 7, 0, 1, 1, 49, 1, -2, -2, 249, 53, 3, -37, 3, -33, -8, 4, 184, -53, -3, 35, -21, 31, 8, -3, 
594, -143, 44, 154, 119, 31, -7, -6, -87, 160, -49, -174, -134, -35, 8, 7, -243, -63, 18, 73, 57, 14, -3, -2, 6, -22, 8, 17, 12, 4, -1, -1, 229, 50, -17, -47, -35, -11, 2, 2, 250, -22, 7, 18, 13, 4, -1, 0, 1, 232, -17, 5, 21, 16, 3, -1, -1, 190, 26, -8, -28, -22, -5, 1, 1, 
735, 51, -43, 32, -21, 11, -5, 1, -238, -70, 59, -44, 29, -15, 6, -2, -201, 62, -52, 38, -24, 12, -5, 1, 60, -51, 42, -30, 18, -8, 2, 0, 1, 150, 38, -31, 22, -12, 4, 0, 2, 288, -26, 21, -14, 6, -1, -1, 1, 246, 15, -12, 7, -3, 0, 1, 1, -1, 162, -7, 5, -3, 1, 0, 1, -1, 0, 1, 
487, -92, -198, 86, 36, 61, 17, -15, 50, 97, 242, -95, -35, -60, -20, 22, -345, -23, -150, 33, 0, 2, 13, -22, 61, -38, 51, 21, 22, 47, -9, 20, 217, 51, 12, -36, -15, -53, 10, -14, 233, -19, -30, 15, -13, 22, -15, 6, 257, -17, 20, 11, 36, 12, 17, 0, 1, 173, 24, -6, -17, -31, -20, -11, -2, 
501, -219, 34, 69, -29, -55, -17, 0, 1, 14, 235, -57, -78, 49, 72, 20, 0, 1, -275, -62, 75, 32, -64, -56, -13, -5, -27, -91, -80, 10, 66, 35, 6, 11, 295, 137, 59, -29, -48, -12, -4, -16, 193, -80, -21, 21, 15, -3, 6, 20, 261, -1, -9, -4, 10, 11, -8, -18, 182, 30, 15, -3, -14, -8, 6, 10, 
547, 543, -259, -23, 170, -160, 77, -14, -23, 26, -12, -1, 8, -8, 3, 0, 1, 21, -25, 12, 1, -8, 7, -3, 0, 1, -19, 22, -10, -1, 7, -6, 3, 0, 1, 16, -19, 9, 0, 1, -6, 5, -2, 0, 1, -13, 15, -7, 0, 1, 4, -4, 2, 0, 1, 8, -10, 4, 0, 1, -3, 3, -1, 0, 1, -4, 5, -2, 0, 1, 1, -1, 0, 2, 
184, 156, 89, 636, -79, -124, -148, 24, -158, 99, 56, -80, 38, 13, 18, -66, -63, 76, 37, -135, 51, 24, 20, -54, -96, 63, 24, -50, 41, 9, -14, -21, -8, 35, 4, -84, 48, 17, -17, -4, -31, 22, -2, -17, 34, 6, -37, 16, 15, 6, -8, -35, 29, 9, -26, 17, -3, 3, -5, -2, 13, 2, -19, 13, 
3, 192, -20, -107, -342, -197, -90, -39, -55, -5, 92, 54, -37, -14, 14, 12, -29, 60, 86, 9, 14, 28, 26, -6, -20, 111, -128, 91, -26, 21, -11, 41, -16, 218, -46, -208, 126, 38, 57, 15, -169, 75, 147, -69, -4, -15, 20, 21, 131, -88, 50, -15, 11, 21, 1, 26, 15, 10, -2, -50, 59, -5, 2, -26, 
182, -46, 289, 137, -376, -21, -149, 47, -96, -49, 48, 101, 58, 29, -6, -8, -83, 69, 79, -113, 121, 119, -48, 52, -162, -116, -42, -43, -28, -27, -57, -7, 13, 25, 19, -10, 55, 49, 6, 5, -43, 43, 68, 5, 34, 29, -20, 26, 52, 5, -5, 41, 16, 9, 30, -12, -15, 22, 27, -7, 9, 10, -10, 12, 
70, -156, 83, -571, -128, 96, 23, 13, -119, -37, 93, 27, -50, -37, 4, 28, -97, 119, -41, 49, 96, -141, 59, -20, -105, 1, 45, 6, -24, -29, 14, 6, 0, 1, 21, -5, 34, 33, -51, 9, 4, -72, 30, 0, 1, -11, 1, -17, 19, -11, 39, -24, 10, 17, -3, 3, -13, 13, -25, 17, -7, -8, 4, -5, 9, -8, 
0, 1, 93, -258, 224, 397, 13, 95, -68, 42, -54, -213, -11, 105, 39, 16, -4, 6, 35, 145, 18, -98, -36, 2, -14, -58, -14, -62, -22, 80, 31, -15, 30, 88, -1, -6, 18, -51, -25, 13, -34, -89, 8, 44, -7, 19, 20, 0, 1, 25, 66, -8, -49, -1, 3, -14, -13, -11, -34, 4, 30, 3, -8, 7, 12, 3, 
412, -256, 474, 358, -6, -134, -77, 33, -102, -100, -11, 50, 60, 42, 27, 18, -113, 20, 66, -149, -46, 156, 70, -36, -90, -53, 20, 15, 36, 37, 5, 5, -12, 1, -5, -46, -18, 51, 43, -6, -62, -6, 41, -13, 8, 26, -11, -8, 33, -6, -32, 10, 0, 1, -8, 16, 9, -22, 4, 21, -9, -1, 9, -7, -6, 
395, 140, 531, -3, -344, 38, 82, 21, -170, 58, 40, 27, 80, -34, -77, -24, -69, 0, 1, 24, -7, 132, -56, -62, -31, -104, 31, 35, 12, 46, -22, -42, -14, -26, 4, -3, 2, 58, -21, -31, -12, -32, 3, 24, -2, 10, -8, -6, -4, 0, 1, 4, -13, 5, 9, 0, 1, -8, 0, 1, -1, -3, 8, -3, -1, -1, 2, 0, 1, 
57, -143, -135, -514, 296, -12, 85, 80, 63, 21, -161, -173, -21, 8, 14, 17, -9, -5, 103, 140, 25, -21, -17, 7, -49, -13, -36, -95, -27, 28, 16, -29, 86, 26, -14, 46, 23, -20, -10, 35, -90, -31, 37, -8, -15, 3, 2, -25, 69, 26, -35, -12, 7, 11, 4, 9, -36, -14, 20, 12, -2, -11, -4, 0, 1, 
443, -517, -50, 158, 209, 180, 54, -28, -156, -27, 146, 13, -68, 3, 26, 3, -78, 29, 129, -16, -86, -8, 27, 12, -79, -7, 70, -18, -47, 14, 33, 15, -7, 34, 43, -35, -48, 3, 25, 17, -15, 0, 1, 4, -21, -11, 16, 17, 9, 14, 18, 0, 1, -19, -9, 4, 5, 4, 0, 1, -1, -6, -5, 3, 6, 1, 0, 1, 
267, 260, 203, 471, -396, -45, -1, 0, 1, -36, 12, 9, 23, -19, -2, 0, 2, 34, -12, -9, -22, 18, 2, 0, 2, -31, 10, 8, 19, -16, -2, 0, 2, 26, -9, -7, -16, 14, 1, 0, 2, -20, 7, 5, 13, -11, -1, 0, 2, 14, -5, -3, -9, 7, 0, 3, -7, 2, 1, 4, -3, 0, 3, 
228, -86, 190, -435, -314, 116, -154, -16, -188, -36, -17, 161, -20, 39, 31, 35, -92, -22, -28, 195, 15, 23, 37, 23, -109, -17, 1, 114, -5, 21, 4, -2, -15, -3, -4, 123, 25, 5, 4, -17, -27, -1, 14, 54, 8, 4, -16, -31, 20, 3, 5, 52, 21, -2, -9, -28, 1, 1, 8, 13, 5, 0, 1, -10, -18, 
43, -141, -436, -300, 241, 0, 1, 118, 89, -142, -34, 56, 27, 65, -54, -38, -16, 6, 15, -120, 311, -106, -39, -11, -39, -108, 16, -42, 72, 28, -53, -2, -11, 44, -57, 50, 83, -73, 36, -22, -36, -47, 15, -53, 62, -29, -2, 20, -23, 37, -29, 36, -6, 6, -5, -6, 0, 1, -7, 0, 1, -15, 19, -23, 10, 12, -14, 
4, 164, -44, 224, 247, -279, -14, 28, -81, 53, 26, 80, -7, -13, -20, 6, -8, -174, -294, -119, 74, 129, 11, -16, -73, -61, -35, 22, 65, 0, 1, -6, -4, 57, -30, -51, -129, -48, 23, 15, -36, -52, -82, -61, -52, 40, 17, 0, 1, -37, 48, 6, 15, -27, -24, -29, -5, 2, -19, -27, -30, -36, 1, 9, -3, -25, 
317, 119, 381, -53, -402, 92, 137, 84, -243, -14, -119, -66, 30, 7, 20, 48, -155, -18, -147, -45, 64, -7, 16, 28, -153, 4, -76, -20, 14, -7, 36, 12, -61, 5, -85, 3, 37, -20, 31, -8, -54, 20, -27, 17, 0, 1, -17, 39, -16, -3, 14, -30, 20, 15, -18, 25, -19, -7, 11, -3, 12, -1, -9, 16, -11, 
76, -227, -49, -581, 95, 176, -5, 41, -121, -79, 107, 54, -16, -20, -45, -14, -22, -47, 107, 107, -34, -40, -45, -12, -91, -32, 66, 45, -41, -17, -41, 3, 8, -19, 73, 64, -40, -42, -30, 3, -34, -17, 45, 8, -31, -25, -20, 11, 11, 4, 28, 32, -33, -24, -17, 10, -6, -4, 14, 0, 1, -12, -11, -6, 6, 
-29, -103, 204, -269, 248, 93, 39, 45, 21, 76, 94, 26, -22, 96, -37, 7, -20, 0, 1, 42, 142, -7, 3, -1, 25, -115, -128, -84, -82, -31, 91, 3, 21, -61, -49, 88, 185, 16, -39, -34, 32, -141, -19, 199, 86, -60, -26, -23, -11, 127, 88, 5, -4, -35, -15, -19, 8, 25, 26, 9, -16, -15, -16, -30, -18, 
-42, -71, -1, -67, 638, -114, 20, 73, -107, -82, -74, -58, 0, 1, -21, -9, -3, -76, -41, 119, 42, -152, -106, 9, 53, -99, -54, -18, -27, -5, -17, 6, 7, 11, -10, 19, 8, -58, -39, -10, 10, -73, -22, 27, 3, -8, -11, 16, 14, 42, 5, -26, -9, 0, 1, 2, -14, -11, -26, -4, 18, 6, -3, -4, 8, 8, 
48, -11, 259, 149, 433, 60, -28, 14, -60, -39, 125, -72, 5, 60, -32, 2, 63, 128, -285, 98, 78, -90, 33, -34, -44, 60, -84, -8, 142, -86, -7, 35, 4, 2, 3, 56, -91, 0, 1, 11, 25, -24, 4, -23, 52, -11, -9, 4, 15, 33, 0, 1, -29, 10, -11, 9, -5, -6, -16, 3, 3, 9, -14, 15, -3, -2, 
946, 86, -56, 18, 16, -37, 39, -24, -93, 117, -77, 25, 20, -47, 50, -31, -79, 100, -68, 26, 11, -34, 38, -24, -60, 77, -55, 26, 0, 1, -17, 21, -14, -40, 53, -41, 25, -10, 0, 1, 5, -4, -23, 31, -27, 22, -16, 10, -5, 2, -11, 15, -16, 16, -15, 13, -9, 5, -3, 6, -7, 8, -9, 9, -7, 3, 
346, -279, -399, 203, 187, 166, 73, -29, 93, -190, 86, -50, 6, 23, -22, 10, -65, 112, -52, -8, 16, -61, 36, -25, -92, 62, -101, 66, -42, 24, -4, -4, 10, 12, 0, 1, -7, -18, 0, 1, -16, 6, -54, 26, -41, 6, 14, -23, 27, -18, -3, 19, -12, 6, -16, 1, -7, 1, -19, 10, -17, 8, -3, 2, 0, 2, 
411, -486, 73, 151, -38, -65, -1, 2, 105, 142, 136, 114, 40, -35, -33, 4, -85, 49, 239, 112, -80, -72, -5, -3, 39, 49, -10, -111, -132, -58, -10, -11, 57, 18, -87, -103, -27, 32, 22, -4, -101, -82, 4, 20, 23, 43, 24, -10, 46, 35, -10, -11, 11, 14, 1, -4, -8, -3, 7, 4, 4, 18, 27, 18, 
873, 157, -54, -42, 82, -61, 18, 3, 130, -140, 37, 57, -92, 66, -19, -4, 5, -16, 33, -45, 41, -23, 5, 2, -73, 89, -57, 22, 0, 1, -6, 3, 0, 1, 36, -42, 19, 2, -13, 11, -3, 0, 1, 24, -32, 25, -16, 8, -2, 0, 2, -42, 52, -34, 15, -2, -2, 1, 0, 1, 23, -28, 18, -7, 0, 1, 1, 0, 2, 
770, -45, -7, 67, 56, -37, -66, 24, 264, -12, -14, -79, -60, 55, 84, -37, -95, 152, 50, 36, 20, -53, -55, 43, -8, -201, -38, 16, 6, 33, 16, -47, -2, 119, -16, -48, -2, -5, 10, 37, 59, -5, 56, 40, -20, -12, -9, -12, -79, -47, -47, -8, 37, 11, -8, -13, 50, 35, 19, -9, -28, -3, 14, 17, 
862, 22, 9, 94, -53, 35, -16, 3, 203, -22, -20, -120, 67, -45, 19, -2, -168, 1, 36, 89, -45, 35, -8, -3, 125, 18, -47, -54, 21, -25, -2, 9, -88, -24, 46, 28, -6, 20, 8, -11, 61, 18, -33, -16, 2, -20, -8, 11, -40, -7, 16, 11, -2, 18, 5, -7, 20, 0, 1, -5, -6, 2, -11, -1, 3, 
875, -179, -130, -70, -20, 8, 16, 11, 137, 178, 136, 81, 32, -1, -14, -11, -21, -32, -38, -38, -29, -13, 0, 1, 3, -37, -44, -23, -3, 8, 8, 3, 0, 1, 9, 15, 17, 19, 17, 13, 8, 3, 37, 42, 18, -7, -24, -28, -22, -11, -45, -56, -36, -11, 10, 23, 24, 15, 23, 31, 25, 15, 1, -9, -14, -10, 
746, 77, 73, 123, 0, 1, -43, -68, -30, 234, -55, -48, -151, 2, 36, 81, 30, 48, -50, -43, 87, -5, 7, -44, -7, -190, 106, 56, -9, -4, -22, 6, -6, 109, -73, 12, -45, 19, 0, 1, 15, 3, 38, 0, 1, -66, 52, -21, 22, -19, 3, -98, 45, 52, -26, 9, -22, 12, -6, 64, -39, -15, 3, 0, 1, 9, -5, 3, 
884, -78, 32, -17, -57, -33, -43, -52, 175, 103, -47, 20, 75, 43, 57, 69, -147, -81, 50, -8, -60, -35, -45, -56, 109, 54, -51, -5, 41, 24, 30, 39, -71, -30, 47, 15, -24, -15, -16, -23, 41, 14, -37, -17, 12, 9, 6, 10, -21, -5, 24, 14, -6, -6, -1, -2, 8, 1, -11, -7, 2, 3, 0, 2, 
899, 86, 55, -103, 27, 66, -87, 49, 125, -96, -50, 100, -23, -72, 92, -52, -45, 43, -4, -10, -7, 29, -31, 17, -7, -6, 36, -44, 24, 0, 1, -9, 5, 9, 1, -29, 37, -19, -2, 10, -6, 8, -10, 7, -6, 6, -6, 5, -2, -14, 12, 3, -8, 0, 1, 8, -10, 5, 8, -6, -2, 6, -1, -4, 5, -3, 
867, -56, -31, 66, -15, -6, -7, 11, 202, 76, 43, -90, 22, 8, 9, -16, -181, -65, -39, 80, -22, -8, -6, 15, 149, 49, 33, -65, 21, 7, 3, -14, -114, -32, -26, 48, -19, -5, 0, 1, 12, 79, 18, 19, -32, 16, 4, -2, -10, -48, -8, -12, 19, -12, -2, 2, 7, 22, 2, 6, -8, 6, 1, -1, -3, 
920, -99, -26, 20, 19, -5, -17, -12, 129, 134, 35, -28, -26, 6, 23, 17, -113, -118, -31, 25, 24, -3, -19, -14, 91, 94, 24, -22, -21, 0, 1, 13, 10, -66, -69, -17, 17, 18, 2, -7, -6, 43, 45, 11, -12, -14, -4, 2, 3, -24, -25, -5, 8, 9, 4, 0, 1, -1, 10, 11, 2, -4, -4, -2, 0, 2, 
915, 137, -126, 108, -87, 64, -42, 20, 103, -142, 130, -112, 90, -66, 43, -21, -26, 36, -33, 28, -23, 17, -11, 5, -22, 30, -28, 24, -19, 14, -9, 4, 20, -28, 25, -22, 17, -13, 8, -4, 1, -2, 2, -1, 1, -1, 0, 2, -11, 15, -13, 11, -9, 7, -4, 2, 6, -9, 8, -7, 5, -4, 2, -1, 
871, -1, 50, 10, 73, 33, -44, -27, 160, -2, -38, -8, -94, -37, 43, 13, -65, 12, -31, -4, 73, 14, 0, 1, 39, -8, -17, 77, 12, -51, 3, -28, -72, 11, 13, -60, -10, 35, -3, 23, 54, 42, -1, -5, -1, -28, -9, 9, -1, -87, -7, 59, 10, 23, 20, -37, -43, 72, 8, -56, -10, -14, -17, 33, 42, 
828, 5, -45, -28, 34, 8, -19, -28, 255, -8, 61, 39, -45, -13, 25, 38, -226, 8, -53, -35, 36, 15, -18, -34, 184, -8, 42, 29, -24, -18, 10, 28, -136, 7, -30, -22, 12, 19, -2, -21, 92, -6, 19, 16, -3, -18, -2, 15, -54, 4, -10, -10, -1, 14, 4, -9, 24, -2, 4, 4, 2, -8, -3, 4, 
893, -12, 62, -49, -36, -18, -21, 0, 1, 167, 16, -85, 66, 48, 25, 30, -2, -150, -13, 76, -57, -39, -24, -28, 3, 124, 9, -63, 45, 27, 23, 26, -5, -95, -5, 48, -31, -15, -20, -23, 7, 66, 2, -33, 19, 5, 16, 18, -7, -40, 0, 1, 20, -10, 0, 1, -11, -12, 6, 19, 0, 1, -9, 4, -1, 6, 6, -3, 
883, -59, 72, 23, -4, 35, 28, 2, 179, 79, -98, -31, 5, -48, -38, -2, -158, -69, 86, 26, -3, 43, 31, 0, 1, 128, 55, -70, -20, 0, 1, -36, -22, 1, -95, -39, 52, 13, 2, 28, 12, -4, 64, 25, -35, -7, -4, -20, -5, 5, -37, -13, 20, 3, 4, 12, 0, 1, -4, 17, 5, -9, -1, -2, -6, 0, 1, 2, 
787, 164, 37, -53, 46, -60, 22, 11, 184, -145, -19, 63, -70, 67, -24, -7, 71, -20, -39, -35, 68, -27, 8, -7, -175, 97, 54, 7, -42, -3, 3, 12, 69, -45, -16, 7, 0, 1, 10, -4, -4, 71, -35, -25, -9, 28, -4, 0, 1, -5, -105, 57, 33, 6, -29, 0, 1, 1, 7, 56, -31, -17, -3, 14, 0, 2, -4, 
815, -44, -68, 87, -63, 43, -16, 19, 221, 44, 33, -118, 55, -48, 11, -19, -103, -11, 79, 104, 6, 23, 9, 4, 46, -1, -111, -81, -27, -13, -19, 0, 1, -72, -13, 43, 55, -1, 21, 14, 5, 108, 29, 35, -32, 36, -31, -5, -12, -94, -28, -54, 16, -39, 27, 1, 12, 47, 14, 29, -6, 20, -14, -1, -6, 
830, 72, -2, 65, -99, 42, -58, 14, 226, -74, -30, -69, 107, -44, 67, -15, -149, 16, 94, 21, -38, 11, -35, 3, 90, 23, -118, 11, -7, 11, 16, 4, -69, -25, 86, -13, 12, -13, -18, -5, 63, 10, -37, 0, 2, 5, 26, 3, -48, -1, 9, 5, -5, 0, 1, -24, -1, 23, 0, 1, -2, -3, 1, 0, 1, 13, 0, 1, 
890, -125, -28, 13, -8, -31, -21, -3, 160, 155, 24, -30, 1, 34, 22, 0, 1, -121, -107, 6, 51, 17, -14, -6, 7, 85, 68, -24, -57, -25, 1, -4, -13, -64, -50, 19, 42, 16, -2, 6, 13, 50, 43, -5, -20, -2, 7, -3, -10, -34, -31, -1, 6, -4, -8, 1, 7, 16, 15, 1, -1, 3, 4, 0, 1, -3, 
1016, 0, 63, 
1016, 0, 63, 
1016, 0, 63, 
1016, 0, 63, 
817, 213, -58, -84, 137, -98, 29, 6, -150, 168, -65, -32, 73, -56, 17, 3, 6, 4, -35, 59, -58, 35, -9, -2, -5, 9, -13, 15, -13, 7, -1, 0, 1, -17, 14, 6, -25, 28, -18, 4, 1, 32, -39, 24, -7, -1, 3, -1, 0, 1, 33, -40, 26, -10, 0, 1, 2, -1, 0, 2, -5, 15, -22, 20, -12, 2, 1, 
745, 25, 44, -180, 192, 20, -187, 145, -246, -50, 9, -90, 146, 3, -121, 75, -72, -125, -39, 94, 0, 1, -26, 38, -70, -62, -47, 0, 1, 48, 24, -24, -2, -30, -50, 25, 38, 2, 45, -21, -40, 7, 18, 26, 32, 45, 0, 1, -27, 2, -26, 30, 35, 31, 35, -4, -22, 2, -19, 1, 39, 28, -6, 15, -8, -20, 10, 
597, -46, 13, -63, 28, 214, -22, 97, -241, -13, -64, -136, 50, 176, -22, 93, 137, 29, -74, -71, 21, -21, -2, 7, -6, -17, 80, 103, -32, -27, 32, -47, -113, -32, 78, 62, -11, 82, 59, -41, 36, 10, -50, -69, 29, 69, 35, 1, 40, 9, -21, -13, 3, -16, -4, 7, -61, -18, 62, 69, -25, -29, -11, -15, 
882, -133, -90, -138, -133, -50, -37, -62, -51, -89, -97, -67, -51, -60, -40, -5, 65, 29, -13, 55, 65, -13, -5, 48, -23, 12, 43, -11, -23, 29, 18, -29, -37, -17, 7, -32, -38, 7, 2, -28, 40, 3, -33, 28, 40, -24, -14, 37, 13, 6, -2, 12, 13, -2, 0, 1, 10, -40, -5, 28, -29, -40, 21, 12, -36, 
694, 37, 117, 193, 16, -66, -117, -47, -73, -62, 33, 152, 24, -40, -84, -35, 231, -125, -37, -46, 25, 8, 26, 4, -69, 32, 74, -74, 13, -16, 28, 2, -138, 77, 18, 28, -11, -9, -11, -5, 113, -40, -88, 52, -15, 26, -15, 3, 53, -31, -4, -11, 2, 6, 1, 4, -121, 51, 73, -35, 9, -22, 10, -4, 
726, -210, -14, 82, 51, -166, -205, -152, -190, -215, -43, 35, -41, -114, -154, -94, 46, -44, -38, -49, -104, 14, 26, 47, -16, 51, 21, -6, 26, -19, 30, 21, -46, 13, 34, 34, 41, -29, -11, -9, 35, -31, 2, 10, -50, 20, 3, 19, 13, -1, 1, -3, -19, 5, 10, 15, -42, 28, 13, 4, 44, -28, -1, -9, 
693, 96, 3, -84, 22, 139, -169, 81, -229, 29, -5, -44, 21, 87, -108, 48, 76, -36, -3, 25, -3, -37, 44, -22, 107, 90, 23, -19, -24, -8, 18, 3, 60, 131, 29, -41, -24, 20, -15, 21, 45, 16, 5, 0, 1, -7, -10, 14, -4, -24, -51, -11, 16, 10, -7, 5, -8, -67, -31, -9, 2, 11, 13, -19, 4, 
514, 160, -92, -52, -173, -233, 178, -87, -195, -79, 73, -115, -77, -156, 100, -40, 45, 14, -21, 21, 59, 3, -5, 8, -7, -6, -15, 24, -22, 15, -19, 17, -54, -23, -22, 51, -130, 57, -55, 37, -40, 52, -35, 5, 40, -46, 39, -19, 50, -57, 39, -21, 21, 0, 1, -8, 8, -51, 20, -27, 27, -57, 18, -17, 11, 
635, -284, 18, 204, 181, -69, -125, -118, 35, 58, 132, 128, 29, -28, -68, -34, 90, -1, -16, -28, -56, 60, 16, 33, -86, -24, -5, 21, 60, -23, -1, -23, -72, -44, -60, -46, 17, 2, 49, 21, 42, -14, 48, 77, 23, 59, -24, -7, 49, 43, 32, 4, -31, -18, -16, 1, -94, -49, -70, -49, 31, -10, 37, 2, 
741, 251, -66, 71, -123, 68, -4, 2, -95, 126, -125, 137, -116, 63, -34, 25, 185, -106, -99, 71, 21, 11, -57, 30, -1, 8, 20, -86, 81, -8, -10, -15, -114, 70, 52, -42, -10, -7, 38, -26, 32, -42, -3, 76, -68, -3, 17, 12, 46, -32, -15, 16, 2, 3, -18, 15, -44, 49, 4, -64, 51, 5, -14, -10, 
604, 37, 73, 18, 233, 45, -76, 52, -202, 15, -40, -4, 197, 61, -36, 44, 179, -15, -114, -21, -19, 14, 42, 6, -11, 6, 64, 13, -69, -36, 7, -8, -116, 7, 74, 13, 14, -2, -28, -12, 61, -10, -75, -16, 48, 28, -4, 7, 51, -1, -33, -5, -7, -2, 13, 10, -69, 9, 73, 15, -42, -20, 6, -11, 
407, 135, -65, -125, -346, -12, -17, -24, -43, -212, -69, 18, -217, -31, -9, 1, 46, 4, 57, 28, 46, 21, 36, 11, -45, 56, -37, 9, 7, 35, 0, 1, -7, -81, 46, -62, -102, 41, 30, -15, -66, -37, 8, 31, 81, -125, 78, 24, -15, 95, -65, -7, 20, 42, -20, 1, 21, -105, 72, -20, -71, 35, -13, -4, -13, 
468, -114, 59, -87, 49, -203, -90, -115, -318, -39, 25, 19, 124, -131, -34, -100, 130, 43, -68, 44, 59, 20, 42, -11, -3, 24, -10, -78, -47, -19, 4, 18, -11, 21, 8, 16, 28, -46, -19, 0, 1, 157, -55, -133, 90, 50, -10, -28, -29, 102, -49, -73, 12, -16, 34, -20, -2, -42, 21, 73, -41, -31, 31, -4, 31, 
687, -94, 23, -186, 169, 247, 26, 149, -216, -62, 24, -113, 105, 162, 16, 80, 63, 17, 13, 54, -45, -50, -8, -65, -3, -1, 13, 12, -8, 0, 1, -2, -26, -65, -19, 14, -27, 27, 48, 3, 10, 10, 2, 8, 15, -12, -8, -2, -24, 10, 2, 5, 12, -10, -8, -2, -18, -32, -9, 4, -16, 15, 24, 2, 10, 
858, 159, -15, -114, 157, -111, 38, 2, -97, 99, -9, -71, 97, -69, 23, 1, 42, -43, 4, 30, -42, 30, -10, 0, 1, 7, -7, 0, 1, 5, -7, 5, -1, 0, 1, -25, 25, -2, -18, 25, -17, 6, 0, 1, 11, -11, 1, 8, -11, 8, -2, 0, 1, 9, -9, 0, 1, 6, -9, 6, -2, 0, 1, -14, 14, -1, -10, 14, -9, 3, 0, 1, 
457, -87, -86, 87, -218, 159, -35, -10, -354, -54, -92, -34, -171, 113, -32, -25, 133, 34, 9, -116, 13, -24, -3, -28, 18, 32, 83, 44, 16, 18, 26, -14, -35, 28, -6, 14, -29, 75, 42, -11, 163, 57, -111, -119, -11, 3, 9, -8, 116, 33, -52, -29, 0, 1, -42, -15, 0, 1, -58, -14, 36, 81, -9, -3, 2, -1, 
569, 33, -59, 126, 39, 115, -92, 40, -230, -3, -133, 92, 96, 92, -43, 31, 172, -33, -76, -21, 49, -10, 42, -5, -40, 29, 110, -21, -56, -34, -37, -9, -173, 54, 87, -4, 29, -27, -102, 0, 1, 14, 20, -60, -25, 118, -25, -27, 3, 34, 6, -21, -17, 14, -9, 22, 1, -70, 9, 71, 9, -67, 3, -7, -2, 
790, -111, 131, 2, -214, -147, 47, 95, -152, -80, 79, 1, -137, -99, 23, 56, 36, 5, -40, 0, 1, 49, 23, -25, -30, -8, -13, -10, 0, 1, 4, -5, -12, -8, -49, -30, 18, 0, 1, -38, -32, 0, 1, 12, 2, -5, -12, 0, 1, 10, 1, -10, -9, 4, -2, -10, 0, 1, 10, 2, -7, -7, -23, -12, 11, 0, 1, -20, -15, 2, 8, 
1016, 0, 63, 
1016, 0, 63, 
1016, 0, 63, 
1016, 0, 63
